,0,1,2,3,4,5,6,7,8,9,10,11,12
Tfdp1_extended (133g),0.25726188415022994,0.023499494182269935,-0.22416240927872266,-0.1524038996618272,-0.0022473597395630245,0.31362331258220644,0.26327212486785606,-0.09104820348198511,0.0959168192217332,0.9277810350336403,0.16443830342975502,-0.08656089499701233,-0.40454299200571786
Nfyb_extended (47g),0.9355006544081905,-0.4107664211902492,-1.1816403463194503,-1.2688769666111528,-0.5886444610506406,0.3431735251589876,-0.9869895692119266,-1.0601725942538944,1.1207021386871898,2.492020230882834,0.19389502900028524,-0.35808398371901656,-0.1678504083524174
Nfyb (28g),0.5339870992047676,-0.7043590921569153,-1.2649155256495306,-1.3935444537505275,-1.0816872783368312,0.6433173394803339,-0.9939422384341702,-0.9949929231043984,1.020220730683715,3.180640019977309,-0.366972210229084,-0.41349661783064706,-0.8729628633727123
E2f2_extended (187g),0.6765188883610243,0.16346182825968303,-0.39829774118924005,-0.21704406990837358,0.0782912519631066,0.26805770381556476,-0.48376682172008756,-0.487320334325477,0.2842315559629685,1.0709545624974401,0.4328554544576606,-0.19494494418960878,-0.09325661924589573
E2f2 (147g),0.7136755888989371,0.20887816623966604,-0.4608248136844444,-0.3524930387967529,0.2364519695410383,0.10940910417958637,-0.521965377216493,-0.5931815222137833,0.41729364713878975,1.126638011287197,0.37182766260845623,-0.24245602376161007,-0.2732464073652888
E2f8_extended (36g),-1.0091597685513185,-2.0470085455737057,-2.6462734406856017,-2.2461225301342838,-2.984474263163588,-0.3840622038408464,-1.3724916896253503,-0.472029838721258,0.28121641865401836,6.583398718465328,-0.34029470212270707,-1.5882178254137704,-0.3003421579933066
E2f8 (19g),-1.6980221249084473,-4.650257213588652,-4.108444534744599,-4.079286531170723,-5.922829270630384,-1.4425944987892947,-3.6759831907716203,-0.07619649119034638,-0.7922564766590987,9.630363046711631,-3.1147196205736747,-1.455071763345487,-0.38301944442927305
Sin3a_extended (770g),0.4677088057292965,0.39021550214789336,0.2675651900727606,-0.011682620850727915,0.27574496029068846,0.3354529460951864,-0.14092286579409213,-0.11356954151464589,0.058219612308480335,0.11573736826091113,0.49817230187467465,-0.07874057128499556,0.10708026866835277
Sin3a (334g),0.6200098028064513,0.28048805042003855,0.22516423825001847,-0.15615601144511654,0.10585341929297878,0.3848319685884918,-0.11467650614427494,-0.1439761221488855,0.07224594758777478,0.2199517530998878,0.5062528727183133,-0.13910645607785088,-0.013981827431275635
Mxi1_extended (2236g),0.406560351275454,0.26002877779696193,0.27172936497676503,0.20239387104145076,0.34132004268240657,0.38791226697650083,0.04699541416324042,-0.10157974254212275,0.14035960607404657,0.025007036582883644,0.25493303485097674,-0.04520060634539827,-0.23265220024600364
Hdac2_extended (91g),0.3610793030248227,0.20331552183902737,0.3513736853432819,-0.4008261149726993,-0.286051382982243,1.0640488443902667,-0.35929445820846106,-0.23107643361590896,0.30311797287394127,0.20727280435676293,1.2379193517225293,-0.14081815141193618,0.09427264891069724
Dnmt1 (30g),0.14248456383215666,-0.8212364672697765,-0.7485816719188775,-0.9679152996088524,-1.8398875152447718,1.5418013170259879,-0.8995032916483533,-0.12010849763490308,-0.8261616076829269,3.102352019742714,1.3429722072459112,-0.40527877080639835,0.12353721064300757
Smarcc1_extended (26g),0.031452070049317674,-0.3303189854307931,-0.36333651894562985,-1.6287906265683563,-1.137905586053063,1.5173140851641127,-0.29108564197907,-0.3349632858692668,0.657685318770566,2.1010672388639025,0.7055901074937924,-0.46946735176642057,-0.10670080837265562
Maz_extended (310g),0.38811865098107945,0.340600431132124,0.15687129383306492,-0.24091884238438327,-0.21448689429928397,0.8992280858707713,-0.21042206541705052,-0.011022323286010159,0.29726918443737277,0.23660375323985783,0.6365220278593597,-0.1480066751542892,-0.07101694760344514
Egr3_extended (264g),0.8267278390405934,0.2538634844191842,-0.597213806467787,-0.4673402395553447,-0.40430434164631834,0.6775011159915281,-0.21659640723034354,0.18061520832273362,1.5753498982763403,0.06692624394398568,0.7462344015347536,-0.027007086844209435,-0.24830356915783006
Rad21_extended (234g),0.19793359350276332,0.958805157990232,0.023502055542072162,-0.35083753772404375,-0.3078447679544204,0.5433374653632063,-0.3296575263411703,-0.4780323966505546,-0.0850721138207136,0.8535807980430254,0.7222651398587503,-0.32498756645586235,0.25763682902230944
Pbx1_extended (202g),0.319645036419403,0.09572856218760444,0.07750422066909973,-0.22284555272161252,0.1755227412143401,1.4783496170420813,-0.3193615259888307,-0.30802768708665706,0.01187424943259039,0.384281581833401,0.523889218527428,-0.09574019546329003,-0.15251839209134424
E2f4_extended (599g),0.4630050188858365,0.6458250059674479,0.0723913122593415,-0.23385912118680613,0.20969906723313977,0.7822260074578301,-0.21287937325844408,-0.35299000381642737,0.1603891071131559,0.13386956829991029,0.5725557642748065,-0.21283036343239473,-0.17455314246120668
Brca1_extended (237g),0.31623620024452326,0.1344161384514495,-0.196943640129001,-0.5002467178763393,-0.3759884873301592,0.9009477625084475,-0.18931728211128443,-0.3509413545878203,0.10982170424697735,1.267515070150708,0.8172575614254325,-0.32713886979141626,-0.17011647887753079
Srebf2_extended (685g),0.5632853404842982,0.3593703249458017,0.03543486922448673,-0.05391217751598331,0.15592160402204053,0.7744817483904214,-0.10518178552658178,-0.2952732398688504,0.20181010719715534,0.10462523594126541,0.5317780781851915,-0.14469545038304085,-0.06768838720683315
Ybx1_extended (459g),0.5705184185737661,0.33891585257083406,-0.13377463708150916,-0.2509299229551172,0.2315220934792516,0.5983275985053623,-0.19032029774068887,-0.4104046004598659,0.4752072152237958,0.43465289584211664,0.44859547604469474,-0.1176248770664893,-0.20558247812756048
Irf8_extended (619g),0.4434199217715448,0.22488888752175773,0.4231009292038782,0.2182141801998135,0.5789998141589646,0.2665328340745042,-0.1536475005111873,-0.16314537519653122,0.08946754450531906,-0.03420012787963988,0.02334468523122919,0.206851784473276,-0.18269870094881163
Irf8 (230g),0.5551834488799298,0.08003513412318419,0.4246960940191666,0.08201634984541732,0.4971473813486304,0.30219956839147455,-0.16221760631565385,-0.08544017701533672,0.10177551696404818,-0.009400061282301286,0.018827736285327922,0.28816010072975395,-0.09395051759745622
Elf4_extended (555g),0.3365703866547029,0.2652223628255765,0.24531764333204262,0.17696861807705122,0.44734754281497996,0.602776599495978,0.11316190433027572,-0.21688127162914214,0.008190701918470369,-0.06661247282734209,0.33979009219000783,0.0980832415053808,-0.07209254846799668
Elf4 (363g),0.4419262083744539,0.2812916140520729,0.23625015044874972,0.06309543479093949,0.258533007057134,0.5788514128561086,0.07580594509306933,-0.18972528195222446,0.10381459595119479,-0.028048987229238112,0.31604354440965177,0.09678479931549447,-0.03199307855547838
Stat1_extended (249g),0.5489935604353371,0.6283103103173545,0.14564845751412223,-0.3607960470802941,0.04126159701835047,0.9090862910017262,-0.5482733187683504,-0.36154529884078374,-0.42134870739306296,-0.00815764233413058,1.0414364396650742,1.6742825799855505,1.0531903207798468
Stat1 (152g),0.5051988275801456,0.6286173331482727,0.1516646708943623,-0.3813146258575858,0.02093457849509331,0.7467595852199059,-0.5054863667010165,-0.3192622925002662,-0.1767946253227938,0.025603178465760084,0.7581474904589967,1.883956617613672,0.8436179666792969
Stat2_extended (144g),0.42271608460270965,0.06080843362121893,-0.09798083930699428,-0.661006822577626,-0.0032004975895579845,2.4421807454502926,-0.5898596610786496,-0.5306088688995511,-0.3873962526618223,0.26972433526981604,0.4382415419171453,1.9026800411581557,-0.08679601540511017
Stat2 (65g),0.4832107628536207,0.010414015142709666,-0.22158651943417895,-0.728792589006164,0.1500128988198059,1.8830062573733704,-0.386856203765549,-0.42899521846353417,-0.1458603337672023,0.05724088051407902,0.32527419331805707,3.198550787008434,0.25038575698654014
Foxn2_extended (14g),-1.5205242784447022,1.1165453255740554,-2.193444024474041,-1.1767733093402468,-0.787051574182756,0.3022425222629815,-1.7040616699512972,-1.8949080272837775,-0.8890570114302833,-0.35907011667593847,-1.9623993182527784,-0.7590743764604098,3.8785930613943966
Foxn2 (11g),-1.5073807278932845,1.149864042460246,-2.596623026577141,-0.9356699818115544,-1.09456050286119,0.5190060710109686,-1.5507755745225587,-2.1239241323430567,-1.000321908704162,-0.43654688525896745,-1.8901789470001535,-0.6024194524658113,3.040179859310722
Elk1_extended (25g),0.0792571998037015,-0.3052399037451025,-1.2990840215480328,-1.3163365900499497,-0.1524313465058863,0.3464323744046269,-0.7591589821905913,0.604885648885285,-1.6460246795704379,-0.54850253735125,0.2604387429120482,-0.24648162815201302,1.5105026035253875
Elk1 (21g),-0.1578057551625978,-0.16544325993960735,-0.8323352062086959,-1.2089244801683776,-0.2803364732767392,-0.3461942164734331,-0.9442443517548164,1.1520567797428207,-1.8863734436026547,-0.7145790100063328,-0.9723207189382623,0.20941258745806568,0.5399045773346165
Irf7_extended (104g),0.02950217815985576,3.4845116769599658,-0.8203611243054931,-1.3808637808324065,-1.22193470796365,-1.323895068658538,0.2587019676257205,-0.21940860088525907,0.9431844481316505,-0.6342547289922099,-0.9774870207722955,7.6809304131806115,-0.24167851073418753
Irf7 (71g),0.17407935230106267,3.7494538098689563,-0.7728467263185311,-1.519778821014589,-1.5574172234183028,-1.2636862284638897,-0.03580128025441982,-0.5411008762407885,1.2207888698014857,-0.636390240181414,-0.9673875361995715,7.512203207375178,-0.42494127724509034
Rfx5_extended (35g),0.8898981796287422,-0.1323279627605772,-0.5497354091087637,0.019107825824643383,-0.6005506033291245,0.48289082988381815,-0.26849996022855216,0.0027042870803882665,-0.39322326640362,-0.06337351128485978,1.1000985363326337,0.4856521275577127,0.9648198894558812
Rfx5 (31g),0.9379634925205816,-0.19228993395696298,-0.6660309466147964,-0.09947737750441467,-0.6068372674463848,0.4742030977746917,-0.32717014584752235,0.1001723870230307,-0.28363458851717865,-0.041455631597747594,1.2093387497583363,0.32276804514057905,1.1617816750334053
Gabpb1_extended (428g),0.5580866497533729,0.6295331246689128,0.07408499375163453,0.037844431584152835,0.10331460446461642,0.44915648184108337,-0.149134372335631,-0.05839784024319449,-0.0077077221110548625,-0.11479495978548877,0.9848543917346145,-0.12558143686876297,-0.008485503596597109
Gabpb1 (94g),0.530563228124301,0.6708603222571202,0.18247328771126414,-0.08725923201100146,-0.0025139862605150247,0.5152264613177059,-0.2110835743560736,-0.10501432409557357,-0.12033598737514734,-0.058140919427229154,0.9714888973164078,-0.04364351639973639,-0.4073652458814517
Foxk2_extended (74g),0.7413357490802962,0.9528052019536831,0.11041427654439136,-0.31912294721495604,0.08377648461844822,0.28935082947671276,-0.3133482411735505,-0.21966996581046833,-0.18310620652487344,-0.023713839775723947,0.19441482178995806,0.10545048596077158,-0.36495693588241584
Thap1 (24g),0.3627795044752126,1.5033524686533786,-0.6560560869945632,-0.7760140191282937,-0.0100722171910954,1.0935009932948603,-0.8863114436539907,-0.2666315400167296,0.25578734358914307,0.05465413429379173,1.5049754694749053,-0.1921756864739584,-0.9255480607122353
Nuak2_extended (12g),0.7200869527088692,0.9995474628242398,-0.792726777150596,-1.6458279350028644,-0.26872003520194554,2.3996684336646052,-1.8654930870444872,-0.13870717414725883,-0.5144493324716438,0.0630516838695194,1.475306984287031,0.409983982386339,0.7636774230935639
Irf3_extended (31g),-0.15032107730226554,-0.27523574554314995,-0.9420718989788704,0.029102251573422937,1.1536862575861577,0.7616507575506344,-0.5522908195218554,-0.8854930321378789,-1.5658085406903208,0.07323028219456729,1.6939420486552752,-0.5823392417144568,-0.10703874623804191
Klf3_extended (20g),-0.04534719849036502,2.1267932137487846,-1.430028923390162,-0.8916384472659467,-0.450282259319307,-0.3714027623218188,-1.247696039362263,-0.4243598388791958,1.7213715026973606,-0.016198323222266293,-0.7905924870204514,1.0932144930934136,-0.9496190388675319
Etv5_extended (20g),0.3639140894044874,0.8241653894283362,-0.3748661237020662,0.18960233931508752,0.5605329295858449,0.26691057400024726,0.24837107153789806,-0.4042865029074115,-0.13840078554592447,-0.13001056252110021,-0.07809385643150536,-0.22687760926160955,-1.4848914734207468
Cebpb_extended (1081g),0.43222836477976007,0.2581407535072879,0.20534676097980828,0.23976023892064832,0.44944865574961923,0.18387656015115728,0.21681514874106234,-0.1421466124569515,0.3205408500202251,-0.06639772413543919,0.14324537610211163,0.012475827673078234,-0.29959310071694506
Ets2_extended (3177g),0.42517007525010697,0.2705613682518246,0.23271966081073403,0.23464653425134904,0.41458277769210783,0.25439707841211007,0.0882056672711443,-0.07841707099795711,0.191667836667395,-0.02220222025085913,0.21168527070657783,0.03175062481944031,-0.21247901739254113
Ets2 (1493g),0.5224803499547501,0.2655373212663077,0.1813339675303973,0.15056323750073705,0.34977877157589876,0.3529453387383523,0.06328510169658144,-0.13214753594472348,0.1194824755474282,0.006788854654859354,0.3208652045036951,0.012363965994879978,-0.20550673923467072
Bcl11a_extended (105g),1.4926259376449253,0.29067089029103477,-0.34120588147288844,-0.6098449073871709,-0.26037438869807294,0.3756118801828923,-0.3064268289140062,-0.16036171315092276,0.22244187040965419,0.1504953623472207,0.5731244487818994,0.05083572425979076,0.38704886316503667
Bcl11a (31g),1.7344968943289347,0.3332887555820059,-0.3257485567868534,-0.31809940955151533,-0.3081378313193607,-0.9897909756057318,-0.03765711565476959,0.132761738340842,-0.04966703852162892,-0.07439321729749067,0.6320128262932434,0.35583260638803443,0.949345666214009
Fosl2_extended (44g),1.0846606098878513,0.8209506224297635,-0.3455109088604231,-0.3558548970426783,0.23722790709398006,-0.6336718711135177,-0.19639924006670972,0.2073480543644254,0.8680581334249066,-0.07392587061725515,-0.0035924760044452756,0.007400024577302259,-0.3387544273550417
Nfil3_extended (165g),1.0588129778580386,0.6659979287054688,-0.19956192802358352,-0.4040690094107393,0.46245982997360063,0.06454344041838328,-0.5992975628339441,-0.4203051423406272,0.8314465699257313,-0.06848482622600184,0.4243426900341584,0.1232054560098837,0.05438896431017405
Nfil3 (18g),1.9559094638061907,0.8961290902143665,-0.6220079565775039,-1.0298379184775097,-0.19480565329973046,-0.7000040703861069,-0.7343704949918084,-1.0041617621781174,1.9095868018629405,-0.23062778605701298,0.7509851285735158,0.5085352627701417,-0.22665423253422856
Rel_extended (571g),1.0728214044613833,0.15892879844104274,0.06869501832669256,-0.11680492263626574,0.2626617420606899,-0.0015280445989570017,-0.09372472718672585,-0.22962222885183958,0.4008686892394317,-0.009959137487102391,0.20339071480340476,0.11061020390158706,-0.09996550135260288
Rel (447g),1.2430335027381954,0.20878379838599337,-0.06341395811902538,-0.25540670720275777,0.1925037747599464,0.0071308429463117756,-0.1773316767015065,-0.2775763821183525,0.4741344413671765,0.003919638505675259,0.2688358402443995,0.10499154026204956,0.027691930677790653
Stat3_extended (236g),1.2646799032996312,0.2790511112967329,-0.09771527448379874,-0.18414517774151154,0.15692342052334324,-0.07835811522749148,-0.0520644996459214,-0.43850321251751656,0.5980713577282446,-0.07629548623213002,0.33374837890734427,0.0702813932783991,-0.08227624964448485
Stat3 (34g),2.3827285134669576,0.5714812160742797,-1.0814146629393917,-0.8987283346427474,-0.7197158748512825,-0.6604811158417699,-0.08329753500538627,-1.1929453316193719,2.387849174217001,-0.07344370662572411,-0.08400768604994273,-0.14442551530861542,0.14387512963553262
Irf4_extended (134g),1.3667358250929373,0.14365829326588261,-0.0769340616524948,-0.2750641062476232,0.09898598666900142,-0.5469154009553612,-0.17085777597346885,-0.12637588531999058,0.8461208639018235,-0.03888194416001393,0.5712044196888274,0.0806814332381057,-0.10922673800609481
Nfkb1_extended (224g),2.114766859400252,0.07145745545078179,-0.43897188319474734,-0.6159889876585034,-0.22877510030058335,-0.5410250235940527,-0.2364839255014856,-0.5938379958831761,1.206156705160098,-0.0115005302454624,0.29105521425806663,0.15465040964219526,0.21924023440711507
Nfkb1 (144g),2.396914666451661,-0.06869883979595444,-0.665393254762553,-0.7664956987407333,-0.2479448838555208,-0.6562716140595242,-0.2685017169708128,-0.7460226565731941,1.516634460327373,0.06738177600145391,0.3477245522166994,-0.04985899900570257,0.16318255186879013
Foxo1_extended (23g),2.918096490582882,0.40584959760702316,-0.6277965106405625,-1.7699431317561867,-0.20300831395713329,-0.9547741129530336,-1.871251644547229,-0.5494293992512693,0.4547438542959439,0.11919628208646176,1.3527440454283177,-0.2706071844904155,0.7254140486991472
Relb_extended (439g),0.9136845674469074,0.22862453901187568,0.12785494490492547,-0.12720684345192404,0.2151078057825812,0.27076705415861074,-0.18652482639423185,-0.2437872624790164,0.14210047014261865,0.048235223323900435,0.4776712937915315,0.006608737210182208,0.2784142689702384
Relb (393g),0.8186246738171988,0.27643754332214615,0.13770556901949788,-0.1247680346568531,0.25763915365525436,0.32714652486234636,-0.1915830334793519,-0.2200028934063378,0.1367677555991251,0.06128536640918278,0.4602919952301367,-0.014393218822145979,0.12328907221154226
Nfkb2_extended (53g),1.3191352321389271,0.008572655793095869,-0.15834579096141776,-0.006732861522960173,0.4507865037329237,-0.7993923164910841,0.11761845018695237,-0.3575642582289759,0.8897571560337807,-0.1758729899835641,0.03898100287864849,0.23628980248771878,0.7426945164325042
Nfkb2 (16g),1.2376749918152166,-0.2596268030894149,-0.36020738365025173,-0.6784290525423323,0.5617917081780596,-0.7598253485169002,-0.059817134587959474,-0.15104634288431212,1.9189935837064165,-0.26593402868146926,-0.5016316367989111,0.38923127818129066,1.8434312257475836
Etv3_extended (1522g),0.5908776294817042,0.27143452235646287,0.22702381362682547,0.15605026064566252,0.5165606822873644,0.1783500121342227,-0.00018577803421806786,-0.1658011701116467,0.14720331152594435,-0.06665457804760296,0.25362806559270656,0.032364902456895425,-0.226764273586944
Etv3 (1111g),0.6017852918101259,0.31094530483265326,0.24228033544481128,0.1035611528831813,0.4603339636936193,0.19479292652134522,-0.0023403559028388875,-0.1675717629756209,0.14586156022617197,-0.07133042924418342,0.30378112553101144,-0.009061276395088896,-0.19643094303364136
Stat5a_extended (128g),1.1317190238282933,-0.0619458555144807,0.23608115932177542,0.09790722220365361,0.527431905691617,-0.483848800281589,-0.11231571423437639,-0.14206503840835102,0.3322163968349253,-0.09665967590005088,0.14109413245586436,0.22365984275331746,-0.0005014096647816811
Stat5a (108g),1.1633798674942335,-0.08460973823764709,0.18598974214067757,0.03880252870531358,0.42840456490280515,-0.2788850846073361,-0.13384458702902235,-0.15004290014632404,0.3829739455586907,-0.08025436295989662,0.08272400992574637,0.19819793067715333,-0.04428727515563887
Stat4_extended (181g),1.5678898024188295,-0.19004586614112584,-0.08723474635954095,-0.18910881336212906,0.2964473563348913,0.02703887390499184,-0.25898682874298884,-0.23710721009884486,0.040480354577773076,-0.020983727992663424,0.6176616362459943,0.019139735124181073,0.3380092187289351
Stat4 (106g),2.0193631562863623,-0.2814739814345021,-0.33748255566003243,-0.5440217359182647,0.1931056647671485,0.08085363084792029,-0.5047952174121668,-0.4143431607465037,0.1752836736547599,0.05163926561975317,0.8683330474976044,0.0735489993243221,0.5078226179000648
Hcfc1_extended (762g),0.28276755297577383,0.45592916971211966,0.20711980047008222,0.17660246700156182,0.10396661386253217,0.7202226101796216,-0.15044149847736893,-0.139014540563067,0.12091777666633963,0.10323400985562571,0.511505122379211,-0.1435210842951767,-0.09337428555696388
Hcfc1 (314g),0.38111704282859166,0.44528271947892983,0.1856939482020861,0.07626343900256914,0.06294608296193757,0.6953215348948082,-0.2270979066175627,-0.17046239047474326,0.2343418779776935,0.0952715176328052,0.5855171183668132,-0.1418688181797311,-0.15728000913974033
Zfp110_extended (590g),0.34654315594908497,0.5794721627196039,0.1300350277023271,0.23677437508183602,0.6369122902329878,0.3667911921283263,-0.2876160291441728,-0.16731465532486078,0.07515976072080574,-0.025275994467508306,0.37704427857814854,-0.08960122682739666,-0.10708127891830373
Cbfb_extended (14g),-0.8637204856483839,0.2640671595421657,0.7085548086717259,-2.6457782860312706,-1.1789765941465034,2.5285528072417836,-0.8876604328450513,-1.0531342390920788,0.08630710658289237,0.3521160927992274,0.791945572075101,0.4369175142158539,-0.8538182321350521
Nr2c2_extended (400g),0.2413888682187202,0.3380974349072385,0.17867875541265288,0.13170053814994032,0.3765113465202669,1.07896437084254,-0.3278937735591361,-0.2630100013479446,-0.1479034344213832,0.1157839669273679,0.7537363996309249,-0.2509324562615902,-0.07751598101863831
Nr2c2 (36g),0.1789454693720191,0.37987324517051774,0.12578713267798228,-0.35603360002570306,0.7464268998846867,1.1601135371987223,-0.6224458010796916,-0.011715750069421101,-0.4090585803797031,-0.052382980455346194,0.743686844347464,0.04239579889532956,0.10288722189045668
Gabpa_extended (1029g),0.4768122261355688,0.34041973411170523,0.09689817955412472,0.05231043970606831,0.1951891153230524,0.6409194340466571,0.009879578480032502,-0.07466584378217454,0.11714584402340165,0.058259875358307324,0.40124415052662715,-0.2305942271021348,-0.08878533002771134
Gabpa (785g),0.42657490125515585,0.34670267570842644,0.12816726906781262,0.06458077861617798,0.26020773219299337,0.6012035631447763,0.026892690015939486,-0.08210058291036865,0.1439288024481818,0.05322344621885078,0.3538867884856812,-0.2646740819145004,-0.11423235392438107
Brf1_extended (1039g),0.4479561424864747,0.30625483479624677,0.19661845637480413,0.13320065289044153,0.3723129490754432,0.710025190272363,-0.12252000964644523,-0.13214699099858154,-0.07467304714169758,0.02071532803892576,0.449163541626216,-0.2544772688605705,-0.0594202440440792
Ep300_extended (1404g),0.4012781069092212,0.4018624791228773,0.20692809792350747,0.11392998424665263,0.361346255025585,0.5704707533392753,-0.0515038145452048,-0.18615577843103617,-0.00920376719282534,0.03896361326642055,0.432191820563817,-0.06760674451227629,-0.1306954098907347
Ep300 (1037g),0.3970851538197129,0.40616498611163854,0.21079802704032288,0.12441008642522774,0.33895690544673646,0.5688047801311128,-0.01799904173137349,-0.21598322593195923,0.0036521387178930164,0.037637764500993036,0.42465759548473797,-0.06312452497865713,-0.16691466215093964
Rela_extended (1880g),0.3521864109202558,0.34328504412793137,0.3321702786033084,0.15479328233022338,0.37432460557612846,0.3693001703398069,0.01025269636347602,-0.09004168773760908,0.15055591409064406,-0.006159072846294797,0.2812881061975899,-0.0695406879112453,-0.2531333670499535
Fli1_extended (1703g),0.40760423281175484,0.4317393997413589,0.2969512490472274,0.05751160719496132,0.3549925908438961,0.4558748022857994,-0.10965892795884279,-0.1340776203682075,0.12670394543393473,-0.01005988100116336,0.37294751668079357,-0.04693876104050325,-0.21455695451165432
Fli1 (919g),0.46663381684609767,0.4622774168584994,0.2806723642611968,-0.02454246594377636,0.3327033045743437,0.4058978265900043,-0.10118500518200049,-0.12910650429454215,0.16924863400530743,-0.03482227270385848,0.3980658197050431,-0.03617669189785374,-0.20310317458268784
Etv6_extended (2753g),0.44331952214208314,0.31711492691530885,0.28928140721106765,0.1508175280116693,0.3710145164439861,0.3992758367992647,-0.017296442966272252,-0.15219392230394224,0.12208187844218985,-0.009722107434298554,0.2882734959069587,-0.03446445087956144,-0.19067467561230605
Etv6 (1703g),0.4683028752030606,0.3485165276727653,0.2771818053202817,0.05921619633984171,0.3244838101994725,0.46647693280618496,-0.05040475936857059,-0.17633910798084929,0.16474891090473648,-0.007189357306768388,0.3353929943789218,-0.053455282981701456,-0.18841470648749487
Cebpz_extended (335g),0.4066559986437336,0.4889486552974645,0.3327386477163079,-0.32556518887789726,-0.013232229277353987,1.0363533791051402,-0.29326992971442306,-0.2765694258580879,0.022377617064798957,0.16080019861569517,0.6414815929626447,-0.08183305844114283,-0.028240463589614122
Gtf2f1_extended (2762g),0.4117058162789771,0.32748437541126235,0.24892935620075488,0.10388253589894672,0.3211858402608594,0.49197918388803413,-0.04052091366288812,-0.122061625012924,0.1706435031189281,0.03249907614051413,0.2888726883020469,-0.03434357005409578,-0.21517937178887414
Gtf2f1 (1384g),0.4481309296219522,0.24899194311240025,0.2938662428308897,0.05318194844525273,0.24987658059565096,0.5538380564980657,-0.0745642344193544,-0.12145497464281813,0.17632874762891315,0.056075251251450686,0.28202407155489007,0.0024228408351003564,-0.1733222874853929
Smarca4_extended (3476g),0.35613182642061575,0.28839532025449904,0.29864649248365743,0.19722057692970746,0.35758046090528134,0.4204741514836767,0.019142587493135493,-0.09463867089433942,0.17413643692980976,0.011853954415200952,0.22997317461569974,-0.052913637594561726,-0.2403981429882908
Ctcf_extended (2884g),0.33268820802051435,0.35097285897968444,0.321643702631908,0.17273363627191224,0.3809234077145716,0.4040338123881365,-0.0024452029521438794,-0.1312131903491811,0.10609776447886216,0.026378438168980525,0.28141676532497667,-0.03816764614493011,-0.18282957810644618
Irf1_extended (1251g),0.480071955170337,0.30105366329132416,0.18945330330930085,0.0737347227161211,0.3541079399867491,0.4577003802021702,-0.018609192766495378,-0.1092392656526809,0.1740075339240751,0.012638946634486262,0.31370162465724416,-0.03620925868581524,-0.16442957786937884
Kdm5a_extended (2577g),0.4256548863298397,0.2940168726232484,0.22975884239796313,0.07612829345871491,0.3256334448421614,0.5102636609258001,-0.025433419970148294,-0.13167422702108947,0.15466202171987262,0.03927403914728401,0.35784299882421594,-0.028868963396348757,-0.10101290070101379
Ubtf_extended (2089g),0.3915558253716018,0.3339718916609797,0.2813381813072232,0.10463700899987373,0.3160352150947054,0.5256849927162092,-0.03576814778175197,-0.11294673899008113,0.06520979921314854,0.035008544506581085,0.37966288014340227,-0.08938099463537592,-0.20555808694405125
Ezh2_extended (2630g),0.4590220390137175,0.3479412339237619,0.17659692481109607,0.07695296832304091,0.3396041973999501,0.4687989748303025,-0.06743865118718399,-0.18275549993477405,0.1446752032873615,0.10562810354490122,0.3478559667771999,-0.07220598222131985,-0.2517729715798655
Taf1_extended (2828g),0.408702906000131,0.35872274243131647,0.1907920925756709,0.09434167114976523,0.3644340956164795,0.4814890658478858,-0.07632282393405897,-0.12984418703712908,0.14388075804601486,0.06641998970727905,0.3780856938619076,-0.027546485405300043,-0.2187035582430782
Taf1 (1447g),0.3835126467255065,0.38084564605490523,0.20487513522524617,0.033250974219725025,0.3042630250760854,0.6633362488018438,-0.11950583893947361,-0.18311230772178183,0.09965494769313314,0.11112569459830406,0.402848846453847,-0.11015605215319997,-0.2318896816492615
Yy1_extended (2121g),0.3658414286139698,0.3579405385372009,0.2358667300947583,0.08989959103000053,0.3949596211300614,0.5328139606531496,-0.030370196516341718,-0.2137686695247184,0.16589911351663816,0.04187964988482434,0.38747149935248454,-0.10691533124171242,-0.22856692369780618
Rest_extended (1590g),0.4758392611038194,0.3453711919523595,0.2554634575965175,0.042231806037884255,0.3424402749187944,0.5195764693416451,-0.14504043198884783,-0.1924097377738706,0.13747475041316914,0.03148488145215704,0.4757263224331273,-0.11201326085692451,-0.21661131564357344
Irf2 (18g),0.280225366100348,-0.01547808265010502,0.9673554191778506,-0.39428310378783027,-1.4200537053890465,0.678307411608068,-0.4728876366101956,0.3584911647639487,0.8841889923256732,-0.013533778803833272,0.5534669911754396,-0.34611593301159677,0.31049588564843944
Smarca4 (1279g),0.35109362135210864,0.31553568988035213,0.46372517656904283,0.19901808251821138,0.2847477804382762,0.222836457861547,0.04135258067642861,-0.027046047162466103,0.18278357695091285,-0.03250628542163003,0.13391682712530695,-0.010057461041398312,-0.21947603707621374
Chd2_extended (1126g),0.3259710265057044,0.4000194029519754,0.5689642951232061,0.014508822908246788,0.25467181912070375,0.3158553412976576,-0.11936608957618407,-0.062249511741285166,0.1631085334452528,-0.008682914223475518,0.30937182944780134,-0.022809128917975343,-0.22349244310967614
Chd2 (781g),0.3816986501584724,0.3958823972460642,0.5622455178695747,-0.04325504341103722,0.1427003729293238,0.3499938452344794,-0.1566694926504811,-0.06619932059995506,0.20251659483145482,0.01296114709267878,0.3548867317135184,-0.037637729476991955,-0.16805909063539123
Smc3_extended (36g),0.2972704437337697,0.5105092928320699,0.8606303604218583,-0.4796067105087904,-0.7261062003983735,0.5164333130559796,-0.4016629183341962,0.17543519573054922,0.0021449794559301773,0.4283056851140018,0.7245423479046652,-0.30613223179048904,-0.39584774078841756
Bclaf1_extended (1218g),0.2896176530658882,0.5575969021764252,0.3597200365199081,-0.08156577494023015,0.13454133321488135,0.7477514475021103,-0.259704899064024,-0.19248337520422484,0.17012442365303324,0.07068732777265202,0.5172408483022776,-0.030737402066731753,-0.2527325509957046
Bclaf1 (897g),0.3016516074633004,0.5549863728015688,0.4088893642403062,-0.12097701912050284,0.08609659137877976,0.7542406395219231,-0.32104391276296784,-0.19127751767118842,0.17754829707035188,0.08971807136561248,0.5287751940401295,-0.023403983061526915,-0.22850898228930874
Atf1_extended (1212g),0.3126903261645497,0.38954500118120566,0.2932284892287012,0.16077848931656677,0.4018501481316714,0.5176332727019413,-0.023054074432125652,-0.19054120993923118,0.09433385815967443,0.023723979787783483,0.3087264355485809,-0.11611584728844143,-0.2265332550985422
Yy1 (267g),0.2602240883462313,0.4207085239126959,0.36743528441491025,0.06657341870853188,0.2526683455942896,0.5674455960799965,-0.06786167184380229,-0.18587935176289444,-0.009685668478362785,0.11646006823490368,0.4221374291187575,0.020793255583137712,-0.1156059173554967
Rcor1_extended (90g),0.1524301536692701,0.42330699078574713,0.4969604376336905,0.0366306805586439,0.0757658182078281,1.0801152675767687,-0.34035721583961204,-0.17085522329729413,0.22341584266632356,-0.0778608940117001,0.2758176141225604,-0.12291705908870465,-0.2801511275111249
Smarcc2_extended (1586g),0.3193519821149228,0.4018467018890277,0.36731160407637065,0.145020714654584,0.37399732049476,0.46841086418899186,-0.09252730632135397,-0.12627769926788868,0.1032191963883919,-0.011190215176041173,0.2944728742354526,-0.040480318667795834,-0.17743192982494096
Smarcc2 (442g),0.17987875792124577,0.40351048310863413,0.4058563786638534,0.20623867480705851,0.4085550748623016,0.6311578714491117,-0.12775793202521069,-0.1685082946203248,0.011857504194063959,0.04280881633347115,0.28319692567340793,-0.10719718072630863,-0.21529855351378857
Junb_extended (211g),0.16857114901304274,0.3480814469773886,-0.2572548944844313,0.3138386816777774,0.6624370644564299,-0.06782482665894417,0.43758703565731716,0.6847681382098042,0.5909095027755905,-0.18200279251527332,-0.017264960334251532,-0.0010009195424640054,-0.4011584275580706
Junb (26g),0.3531618224309557,0.0965771103692962,-0.05914381196980334,0.19287170332559875,0.20321085304359507,-0.38174912368714303,0.6194058666962216,1.2668349634104517,0.589799817899128,-0.2909594209766243,-0.5451828396740457,0.06062841400416642,-0.660469726679931
Egr2_extended (27g),-0.539182760603224,-1.5064388805295794,-0.4259635635162866,-0.45409322526646273,-0.4267586892774322,-2.3170737088056237,1.3044833868979688,5.99076368384467,2.0294149839116145,-0.5466093789240958,-1.178967422269232,1.4097016794610848,-0.6474848568601093
Egr2 (21g),-0.5131076628904297,-1.4325026508420278,-0.3888917086243207,-0.5344112919906312,-0.3645406145709148,-2.3623050063023143,1.3181455102034305,6.026938270759697,1.7427826795618733,-0.515839653433742,-1.1787747509550557,1.516186247977714,-0.7421681217244002
Irf1 (14g),-0.8768793152044179,0.058046407707050954,-0.6878117942658938,-1.0073476608918162,-1.096040743226695,-2.7440535436501508,-0.028005030867646677,5.388406923253986,2.4680226543349617,-0.49058682725551933,-0.20441687002729242,2.7673830988156367,1.4839890777957636
Jun (11g),0.03392165992024774,-0.48975630615535815,-0.17955988178061733,-0.3108938460263182,0.026445067085250427,-0.3182819656468902,0.3060399934303604,2.73916071719864,0.8444444135091879,-0.018789548537632,0.15449541248369292,0.45861534302298607,-0.38956562845306575
Jun_extended (165g),0.029117649579321496,-0.0687503163926041,0.1205325404757219,0.30950534516632583,0.2858072691232159,-0.23313952890256057,0.2973386540216292,1.7029248473932954,0.46964727568300674,-0.14177435291113333,-0.2416627723327397,0.33098413999434634,-0.32618475687820603
Egr1_extended (13g),-0.640539596435889,-0.27096862620677314,0.045204548391098054,-0.05491335886541972,-0.14946809739192898,-0.7256256699370707,0.8548626877375337,3.4022799006811963,1.1835958545024325,-0.2279049900563075,-0.5578847622394743,0.5973985559444803,-0.9299897082079712
Klf9_extended (716g),0.21169227059388687,0.2782523478383139,0.20955019014006207,0.21614949212232554,0.3602848355747766,0.09480701369608795,0.356443031833821,0.10228342778657484,0.6164114090822413,-0.07951300291553773,0.09073319610339138,-0.06348449499679405,-0.19369039940205907
Klf9 (545g),0.3111867558926287,0.2702339208828238,0.21301563008906035,0.1553706434351317,0.35572661527293425,0.1179341044298787,0.2665156515133639,0.05647056176303309,0.5539182969436576,-0.06042719766243176,0.14172984181007078,-0.07837200584721629,-0.20645870115218043
Bach1 (16g),0.1151407751254989,0.8754977860858832,0.1183812606961909,0.5387184597104756,0.39228151963550334,-1.8142553007169397,0.845923330277611,0.14865723007684553,1.3889589874430055,-0.340868354509652,-0.962236418613544,0.33733156497466255,-0.21664930166515098
Jund_extended (2255g),0.26947370194815856,0.3115659056637589,0.3321037510189899,0.26754761327277304,0.4675643827856578,0.16308211920536062,0.180565680185853,-0.022353020837039647,0.22365685800645416,-0.03612689386517881,0.11246797936807021,-0.03515505274214918,-0.24354412830326078
Cebpb (107g),0.27196959146032224,0.2359959467034422,0.38917102221308464,0.5839841007214996,0.4959721483575291,-0.8388794204247148,0.7830421302825099,-0.042218118751440874,0.6960370401127217,-0.20080477294456578,-0.22722181589132218,0.025393461971667163,-0.39296828521843225
Bach1_extended (630g),0.10935490982994163,0.31239709624642953,0.3791278343851716,0.45258857510349537,0.5218735251804358,-0.302634640186102,0.47781264081903063,0.07648010025243812,0.6828966121376331,-0.16504593206907234,-0.29791017285925914,0.039973756981980385,-0.3122573265914757
Atf3_extended (583g),0.10552121725942279,0.08423590781553711,0.4988721865180122,0.4756600135793732,0.38285129215665603,-0.4585569745937025,0.562065850838317,0.6295790887939636,0.403477277826994,-0.17355631870848298,-0.3067132575161721,0.2064253548708795,-0.22686620633443458
Atf3 (174g),0.04836394197686194,0.0197442209623371,0.47236888722269427,0.4941168158609768,0.40675196793680707,-0.6021484852193487,0.5593596866061505,1.0262172207660685,0.4423492378720458,-0.20301852298281028,-0.41661310984111205,0.2805231054455709,-0.4605092711613659
Jund (56g),0.09773608644705772,-0.011227086064905346,0.05116814780688008,0.6045464906581962,-0.06270754827270025,-0.5403286853054824,1.5134228962900556,0.2916746305173345,1.0683693519962585,-0.14409952462124842,-0.7353999658581994,0.033773039861007714,-0.06860388910049445
Atf4_extended (254g),0.1489009787487704,0.11352770400992587,0.12664179451700475,0.3051413580491879,-0.1043512287246059,-0.9936114159252195,1.0373893631195887,0.5782016508272304,1.9893226819343748,-0.19996949780226472,-0.7644085927644038,0.06622922882934136,-0.19724275870954194
Atf4 (214g),0.06367840263914304,0.05285054576257709,0.19745515710716707,0.4095019735717237,-0.069398845240039,-1.0950101191607002,1.1167649495557408,0.6132554873891781,2.067416604478962,-0.24666497607797006,-0.8458342663857201,0.028647243730540634,-0.18795793660251806
Nr3c1_extended (48g),-1.1694601838982017,1.0096366636771872,0.9438004755085689,1.7514789193471938,1.5374497516003722,-0.8610776777258347,0.38942928957283013,0.09052855387008453,-0.9112014605664098,-0.41840549753350215,-0.8125940806202582,-0.4792700845297301,-0.8167451700111422
Mnt_extended (19g),-1.7023833136395083,-1.362616740785413,2.80802336713492,2.195523299473246,-0.6667387294974072,-1.9534174158600142,0.8567565036342116,1.061667123146844,-0.058861623672212746,-0.904294130513873,-2.7894596101051716,1.7498180761486686,0.9400246787463584
Fos_extended (250g),0.24507914264346262,0.3860240209488981,0.35260796334318795,0.49163648369136687,0.8930429739686744,-0.5338697280663268,0.04237837257167975,0.35045479844071226,0.1739189353057414,-0.18498862705512314,-0.07891752915336941,0.2643207805193523,-0.4128615145451004
Fosb (29g),-0.25678321207043286,-0.5061847172072178,0.7713475874378636,1.1664014446467805,1.3931128571906959,-0.5793353125937808,0.3930160827310964,1.098090836109645,-0.46705229250052266,-0.4084364609560276,-0.4021896115841413,0.0028138148876102383,-0.8258906970659955
Nfe2l2_extended (29g),-0.43072954032797944,-0.22964024632217053,1.4647530692913657,0.9831445553178442,0.3047799560047306,-0.2832848938917636,0.2166093344113514,0.504351689289602,0.07535761577828694,-0.33345330598477185,-0.16884903603709472,-0.011865762656407859,-0.2094035866332366
Mafk_extended (22g),-1.7589057423447858,-1.191903562525649,0.8657873949054138,2.3258587841621376,-0.288894774179621,-0.7738816950655388,3.813618245337054,1.8311531203189373,-0.22853959043008648,-0.6011019773850704,-2.583833464686851,-0.02680572375605039,-0.7267375531307405
Mxd1_extended (425g),0.12641784806764478,0.1932542353372553,0.565280791997957,0.5308322970825591,0.4317291196437573,0.0028438406580697027,0.3234990500440561,0.09016357997076302,0.09885085801211764,-0.09212653343381205,-0.13864356565100702,0.05705071692642964,-0.21893041999498025
Nr1h3_extended (68g),-1.8005835352223594,0.16072772182856826,2.3158894898136513,1.9765023769118406,1.7382432307778661,-2.2577552023418965,0.9912295679281435,0.8912969959555332,-0.5804421585574907,-0.8598466256434799,-0.8379478686755621,0.5738003304340578,-0.7368671831034436
Nr1h3 (24g),-2.943650950759647,0.1882890337182613,3.3283819074974077,2.46500354348851,2.4534563643792837,-3.1731025962085355,0.620388548446152,0.9241661712874941,-1.2865681512425697,-1.1155035478064148,-2.1984232011366247,1.011200841317034,-0.42159253151618364
Ddit3_extended (48g),-0.8860090016178188,0.2226279155946964,1.4419766120950772,1.1226205643614455,0.9274545595183725,-1.5433690610278645,0.48358951850304727,0.9779943655878056,0.5628297700154731,-0.3803329438255308,-0.9397773811659719,0.41349713993907683,-0.80420901494386
Bhlhe41_extended (1372g),0.07096252271083821,0.15898894922205664,0.6484145399496273,0.6503048472829766,0.6085863051612272,-0.13858880932785544,0.3446073663031175,0.12795643138697496,0.006827829603333085,-0.16388972326607726,-0.1358228322162189,0.08828795372829544,-0.26770531428088146
Bhlhe41 (353g),-0.20627361613639536,0.03764237083407659,1.0186785696918261,0.9467620533556482,0.6489825269866406,-0.430931715739254,0.5960075082092389,0.28309977899461725,-0.13461256552038042,-0.2516555558763554,-0.4907334980089991,0.14082232377874795,-0.3090050431513373
Mitf (107g),-0.6404200952317722,-0.2964477447049337,1.43264104774194,1.2453080997885686,0.9489250945315019,-0.6950693057900083,0.6339591220542863,0.5871519990519055,-0.10867749368464952,-0.31205761629127804,-0.7859217994119262,0.14668806317298133,-0.47820866287400654
Mitf_extended (912g),-0.390141970323355,0.07637350840656035,1.0726135645891035,1.102125675689755,1.0784879263153957,-0.5928845324570108,0.46623695810286137,0.3191469815151297,-0.12646570738682014,-0.33493997072287995,-0.5288587867747053,0.1656540060204697,-0.5155784551755349
Tcf4_extended (806g),-0.08873514191016449,0.05493685380102324,0.8035205533392776,0.8073549182974215,0.7718105562118849,-0.2568097376851511,0.4363256397612717,0.2437244455213727,-0.09883496132784979,-0.20416274031589468,-0.30380539974492804,0.09174990736946592,-0.4298990914119037
Tcf4 (30g),-1.4148263690470964,-0.08722031146386099,2.0678457085322846,1.9970413859905007,1.6686341290909013,-1.7914010998040957,1.3489887839526253,0.6751742829790627,-1.380777211370536,-0.6980143069884063,-0.9406015927459288,0.5216945167477408,-0.4838722474179627
Fosb_extended (186g),-0.7227872055081924,-0.3712765981837593,1.3319855778770182,1.3737688154347734,1.67248995329181,-0.8930766209717131,0.3244039369960689,1.2518859928873718,-0.7062789864748036,-0.49266683529411054,-0.6191783366691648,0.46972577240049285,-0.710223367846042
Spic_extended (92g),-0.32666285707919007,-0.05546333129615091,0.938043841058841,1.2483744618946544,1.0085256403762646,-0.8583661560845317,0.8017205439520407,0.5705427941993475,-0.37266246266086417,-0.29923796153128185,-0.6257065713442604,0.36972221121895876,-0.7324809516929918
Nfic_extended (19g),-1.7141503810547791,-0.3572197116280706,2.121367681263918,2.255534476974841,1.6944216720565923,-1.6707331386668776,1.108035165573249,1.2188559970071395,-0.7533180137757242,-0.646035202260128,-2.008632645858791,0.5729967645753771,-0.7982368610378665
Crem_extended (450g),-0.0014841333325999672,0.4904232115204913,0.4308667989469987,0.5864705811881212,1.518339981569223,-0.10130335667219109,-0.190713938008023,-0.06009491422039158,-0.20249768243935473,-0.2675816807994062,0.15014071465731846,0.07723149097328044,-0.38481293822834944
Crem (282g),0.044377019884363995,0.5248976367837004,0.4386226193567229,0.5215660959527653,1.5520463150940447,-0.08013654968517948,-0.29303961439795645,-0.11853086612502012,-0.2557612477320528,-0.2459641585998806,0.27117588849420676,0.019017298574717317,-0.42361308413908544
Prdm1_extended (70g),-0.03589273797755242,0.2376543943473078,0.9064110840674674,0.7442726389820757,1.3809328961720821,-0.08076986616011451,-0.29856778459417965,0.04818826757339088,-0.6022090895080686,-0.2842224084627724,-0.11635756819428428,0.2879913992662533,-0.35116860041260156
Prdm1 (41g),0.32537551195379605,0.4071646246705034,0.568144055618253,0.48468153364634714,1.2564547817663734,-0.3199869445172147,-0.39520613183162007,-0.11809319977266713,-0.11918099788708852,-0.21520590693170055,0.06291256543445536,-0.038264223877907476,-0.32002107035825933
Rab2a (27g),-0.32571941744638533,1.4797835611440255,-0.2574393909685908,1.1579335536389026,1.682709452408155,-0.16829032860358484,-0.36726227936712513,-1.304229080655095,0.21254184106796833,-0.4694894197421692,-0.4420773517633515,-0.29709802993442985,-0.06578538047709834
Esrra_extended (69g),-0.0317060595307505,0.9862783854711075,0.3810819927945693,0.4809598780928057,0.6648441949249712,0.14871353637207396,0.030658831561185294,-0.28597698365279783,-0.49621231430661983,-0.1626255062876325,0.2028755820623935,-0.2031100255033267,0.3095242769257792
Mxi1 (16g),-0.09497375394682717,1.517293587508794,0.7679090802072603,0.3028450445830092,1.4141504731515837,0.017414187164466507,-0.6455311958437783,-0.5990951468719717,-0.7655992440484096,-0.4199715100808635,-0.5769625499348752,-0.6265219498674963,-0.5147872956064743
E2f3_extended (340g),-0.028497891228785727,-0.02256587531795989,0.3565371622636679,0.2659613414073478,0.19099048015122821,0.6859592178225691,0.015811553864582762,-0.18774474053182189,0.11697518850325243,0.5771278328011888,0.24420485548018545,-0.14835150779562598,-0.5212601341084037
E2f3 (218g),-0.03755114157537356,-0.06727008824486629,0.4074738026864744,0.19148987470567444,0.03860160537920246,0.5964894700410507,0.05319366940658222,-0.1097784848521043,0.15100625104734755,0.7091962001442774,0.19269607241048026,-0.2346525772715532,-0.803550410929173
E2f1_extended (475g),-0.1085158263963869,0.07776708462219635,-0.00797389220316766,0.5386992599722434,0.7089317299145028,0.6712342762635019,0.14151336619730262,-0.04247349748791204,0.0422144255234768,0.2613411459503192,0.21492146969258566,-0.3213536853383655,-0.17565828792402108
E2f1 (355g),-0.20996148613581306,0.04373239215860641,0.08909144961622019,0.578916672888907,0.737133859426785,0.4915328584156416,0.13265231311045933,0.128846944594012,0.04243649219175592,0.29939257792240853,0.17724762761210852,-0.23318009014236882,-0.3721614682523483
E2f6_extended (104g),-0.14111756103831324,0.3384820903517336,-0.09566521640462503,0.35361630218756734,0.027732350525960306,1.0677900196958074,-0.18782366452406812,-0.1663390303980013,-0.3286019622325384,0.5341692585885247,0.11796634321006526,-0.4703617970888401,0.3196624089695857
E2f6 (16g),-0.8922887228903255,-0.5927159728571432,-2.58535473279906,-1.7856262762291808,-2.636029226662376,2.200681700019817,-2.4628266929003795,-1.9132463393936268,-0.33856217259600724,1.738844263525013,0.003811685216719081,-0.6364169034047715,1.9304472690430092
Myc_extended (250g),0.17474780706370793,0.24295209118272817,0.3046506307422427,0.31397538040815365,0.5827766439340041,0.6910757758905147,-0.002854774913546111,0.10011070148976497,-0.34087917135248125,-0.013820108023310074,0.2659195804065831,-0.3669333192940002,-0.3412112949070013
Myc (235g),0.1569348311221352,0.2605008483437344,0.3145190490756842,0.2950536285872031,0.5943235662404514,0.7240394069378091,-0.02300429170491303,0.07494515802860043,-0.3408393656476104,-0.010654216523610337,0.26841372871606833,-0.3502070130943009,-0.3240501083032448
Elf2_extended (2994g),0.3344718988247341,0.32268715881875076,0.2816816861084401,0.21022430088368274,0.44403917139330584,0.33598000836848796,0.058597899009223735,-0.050013300509223875,0.12106195302119949,-0.006782457999818064,0.21841458704675074,-0.04440105496290239,-0.2530542372880678
Elf2 (2119g),0.33365342039409823,0.3071102767737489,0.27067213701521,0.18591949687069978,0.4381481701148713,0.38715986434234034,0.07343848421985248,-0.08854543610548682,0.12551655679909307,0.017462302908157805,0.22911763872213517,-0.08532380933673238,-0.26919377664517524
Elf1_extended (153g),0.2695560040764418,0.024899872634193385,0.47714475225721065,-0.15146422092217668,0.17159992686490064,0.940756161216213,-0.13077758963509475,0.14296373729450756,-0.22563707398431412,0.051182619306501254,0.7394550380119862,-0.14929428064704175,-0.3296760552713852
Elf1 (22g),-0.09131595962691012,0.06270377440852841,0.9545664046288861,-0.10210732508394586,-0.5519559669328129,1.1761940410660072,-0.15452214686054885,-0.12590675758551292,-0.2550542337177924,0.028076341698559496,0.8790058649535286,-0.3605436972212914,0.017916332781571336
Gtf2a1 (17g),-0.3024833151068288,-1.8936420987604061,0.24846417439598267,0.012875930429428624,-1.063178986640625,-0.5951096265322344,-0.9317851874806224,-1.4505786287457034,0.35906119932038383,-0.20289216095792506,0.6751473182540954,-0.6350564688416016,1.5559109840921792
Klf5_extended (60g),-0.5062152329429725,-0.6868082043999719,0.22397103864590792,2.05991740784869,-1.0677637076035646,-0.4304733764031067,2.8060152786722248,0.5050806203844752,-1.1650093199941032,-0.2968898677115851,-2.060557896782623,-0.2521209256883322,-0.28643417774482904
Klf10_extended (12g),-0.5793697411054932,-1.54506558731591,-2.058753938702633,-1.6431187485232652,-1.8973216744100776,-0.9786668725428683,0.13814451912331277,-1.4393180788896653,-0.5753748279347601,-0.28800122463017475,-1.5186226992199998,-1.688897151866442,-1.4445698394287845
Zbtb33 (13g),-0.21175731922604812,-0.6233518437057717,-0.8480918239062306,-0.8854728258306791,-0.10350029826437127,-1.1445721909881081,-0.9124875623370198,0.03043820385099844,-0.873077432056247,-0.4887990320583818,-1.722648286318463,-2.079810965027278,0.47538107723138673
Gmeb2 (87g),0.7004456019940428,0.44588637943589376,0.04336643939419207,0.19579107293377382,0.5059380914260179,0.40795844718617386,-0.0027659570600940225,-0.82802545396976,-0.04086987883339121,-0.15393500193216675,0.365505155350326,0.0015564874877091015,-0.15977951782104274
Klf13_extended (19g),-0.7183648413110679,0.48296585247724255,-0.05626685403286534,0.8136599407040628,0.354998192168607,-0.08036814232146604,0.5887073972920107,-0.2612230992404364,-0.7770837138714431,-0.31398736421109175,-0.04351236195521735,-0.4159797490576608,-0.23057814543646404
Zfp143_extended (258g),-0.13935213981263309,0.3185111063203475,0.13166673035533355,0.6710195439005678,0.057774808889846936,0.8919357086566405,0.3907771528629925,0.311771259665111,-0.5470842986545061,-0.09891320458125401,0.5666602730776664,-0.09640003346274147,-0.004121466333995983
Zfp143 (23g),-1.658212401017477,-1.4948330402547723,-1.1634956053065277,0.6155935145132866,0.30406912935623964,-0.4121272841207587,1.212227039538198,0.2645983616628173,-1.9469851230422413,-0.23194698806885378,-1.6831051243208988,-1.301251173833739,2.176578147041361
Sp3_extended (13g),-2.7688746924352743,1.0055385862878308,-0.5447022980531949,-2.521961359182383,-1.8809186015491954,-1.8944446552718424,-0.6801832306046934,-1.232709613315877,-1.156167149474118,0.3612228789308999,-4.135599263871245,-2.440490653694796,1.3011380142254467
Gtf3c2_extended (21g),-0.7041310371560335,-1.3352839239650864,-1.3349249944717483,-2.181745620053761,-0.9208985473660605,-0.3258277388604858,0.6013631698475822,-1.4089412369025036,-0.13973753538340056,1.9126426131564502,-0.7504200921996039,-0.8543226100935337,0.8803935353697065
Sp1_extended (17g),-1.1475789613636678,0.48949863292324997,0.39845953815391316,0.44101270710146645,-0.5213500271709676,-1.0280731171809108,-0.30478700009142556,0.7862042369022785,-1.3601966689279812,-0.09981596578956549,-0.5020269482326533,-1.1096874825370346,-0.1224106167693954
Sp4_extended (32g),-2.3214074956614206,-2.2920497643094038,0.21095924138143562,1.1658932854144883,-1.9655157206197258,0.044949609828737046,2.3742979364254815,0.6762181680921329,-1.617255121161386,-1.0314128193058405,0.9188186913067695,0.7517268218740808,-1.2517038997705714
Sp4 (10g),-3.1980210244663123,-4.161062950767008,-3.16574237195731,-1.1518120225333754,-2.633867325925759,0.40594544019843726,2.0701458612993315,-2.264624351325354,-2.8275617498205214,-1.3449880975289048,1.8892508030225261,0.3339412990283786,-2.757972784616159
Zfp790 (12g),-2.0901817484688685,-3.565701071049919,-3.09597701034474,-1.7828456539993816,-0.8628496053317513,0.3813013548325118,-0.5902444075216119,-1.4652134662788818,-3.6004102081431797,-0.9677539211521271,-0.20049090536190217,-1.5083512892864734,4.214193815846332
Rbbp5_extended (11g),-0.9183715820298107,-5.089100111068359,-3.900425209062065,-3.916637774224698,-3.041487013158257,1.4868662150751095,-2.717768878806172,-0.9560310204972445,-2.8779885907555083,-1.2388948777310858,1.1459685828060346,-0.7395183916389056,2.9469325104739763
Zfp628 (22g),0.41896591738078803,0.2129409799247212,-0.005237604149726322,-0.037818137070652486,0.28828502435096987,0.789382907229526,0.25799632502676545,-0.20987808666178506,-0.011430661025941263,-0.07045392345218869,0.2551395689293291,0.024236168292977034,-0.3670823258637581
Rfx1_extended (58g),-0.12109520781104789,0.4618380613585384,0.23534098586515126,0.5057101740323875,0.03893561666780002,0.6347210424786589,-0.08803080610017303,-0.36268995348925914,-0.39606460634746,0.1697906239824409,0.3067302924450745,0.04259155797988143,0.1740174038079671
Chd1_extended (11g),0.2682443169092405,0.350627479247743,0.03465750557035549,-0.14207508996698173,-0.9038406571291477,0.8429726321953652,0.13712472354403415,-0.12207750235990772,-0.24342748961894944,-0.0007866629509456434,0.7865355835250525,0.31931941931435465,-0.14336761265004186
Foxp1_extended (21g),1.109446715015091,0.40374165290972486,-0.2609620696813571,-0.48125593747014556,-0.3790044572623496,0.6365611337945302,-0.10269014336453018,-0.5342353941970556,0.8040602695297167,-0.04722789511326143,-0.056333400568558636,-0.3874349731430669,-0.16820341620891618
Tcf3 (21g),-0.7281371835233592,-0.7850867862069482,0.17769796049696257,0.09060367633200903,-0.5905940258869409,1.1438652726303973,-0.07518796896657963,-0.11528138680387777,-0.9460037256781846,-0.011499157081077049,0.0008398676632032263,-0.487040044757462,-0.9384799742437784
Nr2c1_extended (13g),-2.3832482685350387,-1.8217150700115248,-0.580306176852241,-2.2382634427392447,-1.6568536450019746,-2.158526908917595,-1.4432560051835797,-1.1183378589694322,0.8744427266776379,-1.4003535244120333,-1.4991245133340245,-1.5012132240423557,1.6233118842212446
Nrf1_extended (170g),0.2514762244981157,0.5726938307057007,0.16506669986314856,0.16259386363647058,-0.28632166038026274,0.4079949353223081,0.27385634987144775,-0.2790594697124039,0.8658861327994193,-0.1079111110264235,0.2408929615872851,-0.6486161774463969,0.05682627709642213
Rarg_extended (19g),-1.0600931025035307,-1.0086349483728956,-2.9313539288418684,-3.303776727681953,-4.325081577441717,-1.1497838612494367,2.1051455758527555,-0.581468133522578,6.129547615027946,-0.6064869234082022,-0.7543524739499765,-0.15497838139340017,-0.2552258572362314
Usf1_extended (135g),-0.06874038639997015,0.3569189665342646,0.3975397629982252,0.5626262304853145,0.6551565369613052,0.6277446247522457,-0.11018249492516237,-0.1938337901004235,-0.1633219704648293,-0.017070732474401558,0.4329425950816865,-0.18695451564519086,-0.3697082652421256
Rela (97g),0.27972395904249264,0.6547812896110143,0.4142535343980301,0.14847615113017654,0.28054438031774115,0.28857305979408987,0.04433165369959253,-0.35402990908514237,0.13870572474844406,-0.08856857149494356,0.23517729571283613,0.13348875925254866,-0.2629228982417871
Max_extended (2175g),0.3019326596032046,0.31166303298628245,0.36443095474549037,0.2922791529688449,0.5141113736718791,0.2895028979034895,0.020656646813003707,-0.09220405755501558,0.08219802619712657,-0.03399896696278807,0.1859198297419493,-0.021233802519910465,-0.2543066849711978
Sap30_extended (174g),0.17239819777991633,0.16390938869568583,0.687376949382808,0.36624832670466617,0.45047687663365676,0.13391649559653368,0.11892572813974077,0.003291667048936418,-0.07564789775325349,-0.02748730755439898,0.13574810701804943,-0.05587292197203369,-0.21372023167630094
Thrb_extended (58g),0.030493251366233192,-0.12855291029845686,0.5009872949236361,0.8645924392424199,-0.03343641422551243,0.038583401911512466,0.5717422329762735,0.4691940676748118,0.14352556029359329,-0.43143591892770267,-0.26020909648662427,-0.553001615374153,0.4871120914595421
Bptf (14g),0.06160629534546677,0.06994141670017925,1.8837678047737714,0.7410172672939738,-0.8579875869232437,-0.8892018690433136,0.02935396907403846,-0.06719887580119381,-0.27910435426523617,-0.2971456454679786,-0.1795972841925277,-0.20010559917290535,1.0241979658218257
Zmiz1_extended (46g),-0.5330862657295202,0.48558864929675033,0.6043067165115755,0.7825634432099756,0.11411062287205015,0.4246091406968491,1.0757136787251322,-0.02114609125598398,-0.6015090952418893,-0.11977181733078482,-0.13294836013980002,-0.0864770621612366,-0.6404543204445049
Etv1_extended (48g),-1.100986836609781,-0.9932221464627433,0.7783583881751844,1.2290184039428953,-0.10095923169602576,-0.44847920457062973,3.318380448821894,0.4685725418803578,-0.8244261978050258,-0.5224626556454631,-1.031403568499003,0.5401665478362103,-0.5337028911331885
Mef2a (12g),-1.207901135992807,-0.28558275296370605,1.5280060512914062,1.0196778619370568,-0.13962010246347722,-0.6143974697693046,1.0852871324908222,1.2290217482757408,-0.05434912474386682,-0.518258820580464,-0.6310960539932476,-0.6395924861228727,-0.006346075207623134
Elk3_extended (17g),-2.8501886617113983,-0.9190183124669996,1.0716957448264848,1.7098863592690579,0.7884225780583535,-2.574915912663265,-0.03668246682976224,1.1067673906569755,-0.32982888065985055,-1.0150057392100542,-2.158071044343719,-2.289896539641266,0.251530347176012
Fosl1_extended (12g),-2.314135344926695,-2.6830565554319166,-2.420391041294228,0.13267703334281114,-3.589677494094115,-3.7369366903904155,6.966938194002668,1.541083423772654,-1.791575134376367,-1.1810858688583168,-4.19945084133999,-1.0543797802673913,-1.0043781190977255
Runx1_extended (24g),0.11486772196862505,0.10248115675719667,0.24961183574847662,-0.044342752080318674,0.09027608066923012,0.4805885538320101,1.029310575728539,-0.1443669026894455,-0.1729661677766755,-0.10097456174659337,0.2355894451509474,-0.18094287905841006,0.20353616325861154
Usf2_extended (14g),-2.638789071590631,-2.1198063749755365,1.0872178532449208,2.2724943737977767,0.3255166110067288,-2.9880022770068204,1.803721559619668,-0.5318525272079389,0.03019821776687671,-0.8207772927084943,-2.1044921853033465,1.0632624020828672,-1.3251556122262382
Rfx2_extended (52g),-1.42538530572879,-1.1163532406398102,0.5701340492762796,1.0957948801135509,0.16216023682190056,-0.6894490166893577,0.4116503939570789,0.4758405843947591,-0.20634557051143662,-0.21213173613331565,-0.9487923054763381,0.21673301301480435,0.3081044153981798
Rfx2 (37g),-1.4934241621917208,-1.1427906489575006,0.7408398734516397,1.8352560021156168,-0.27298910900816675,-0.7773531732756966,0.05356014300495457,-0.0792359124672165,-0.7733713517779792,-0.571574699872385,-0.7999323726842429,-0.1796054411339044,1.174092193158097
Tcf12_extended (17g),-3.0421745461057563,-0.87952382784806,0.1190152324622813,1.0266898320634164,-0.14088526566525225,-1.1923743870880132,0.717321423339079,1.5000822457077665,-1.6942961747845446,-1.5534190301927286,-2.7831365681248927,-1.4094233125565412,-1.4419112515688777
Ets1_extended (10g),-2.2396473624529687,-1.57680595666263,-1.811360505435106,1.0669260062599577,-0.7988181893666982,0.7963737969074007,-2.023777282827097,1.742840853185933,-2.646082492278507,-1.268550797651856,2.4426305057916933,-1.0137939422275137,-0.6463336798729333
Ar_extended (19g),0.14990420773363733,-2.7135945905752394,-2.5934926597206167,-2.224115170773392,-0.44266426618418137,0.02648997171560889,-2.423939070693607,-3.0060616090970065,-1.7968912038714133,-1.566292158513178,5.455163635956264,0.040822578944924755,9.07422187087108
Foxj1_extended (17g),-2.3997822350383213,-0.7591614484689582,-2.8794416990752163,1.6851734539434817,-0.11186666452727606,-1.317778473534348,0.3816278424245441,-1.3303267357598194,-0.8313252368215855,-0.9535112794407034,-2.3053551464517317,-2.8056991989624978,2.1453928790178667
Brf2_extended (10g),-2.5946651710774704,-2.730164240269342,-2.4991192359095113,-2.489200149390358,-3.841479162950077,-4.322572239774638,-4.197558418265054,-1.292664645646845,-4.656988257831218,-1.466361123557359,0.401629152733737,-1.274454791720409,-1.087293532120282
Nr2f6_extended (15g),-1.9537931085423832,-1.38201414511717,0.3138963448725476,2.0809412501270517,0.1353527840704452,-0.9479191692877444,-0.31475957895460954,-0.5503422344022316,-2.100063462864231,-1.310568978805079,0.31370848739014856,-1.507995097473691,0.6312198605233647
Xrcc4_extended (335g),-0.0765268584270142,0.03363340885113007,0.4945544967159485,0.6969391925799608,1.0013738131695331,0.31486604207496144,0.014358190806725677,0.09766315615124706,-0.21827582705378362,-0.19076550941935455,0.03523160312930389,0.2460962390484842,0.0223526617145753
Zfp148_extended (41g),-0.07205552672013191,-0.2905830688619539,0.868621580849862,0.8427205405312272,0.8014188999456358,0.5703226989002421,-0.25631456755328685,0.5931649785578273,-1.0934825022197012,-0.30023500970940814,-0.2533042761229811,-0.3652536408990106,0.05744862491292726
