,0,1,2,3,4,5,6,7,8,9,10,11,12
Tfdp1_extended (133g),0.313092128178456,0.29434644331333,0.288813919906471,0.283770348353353,0.277294511616091,0.256114814921028,0.256447523633595,0.245903724447295,0.239796743774403,0.243485756060431,0.206790550006243,0.187774838486602,0.175315132478936
Nfyb_extended (47g),0.326493663012929,0.288172996057431,0.272780561094859,0.271417112896451,0.269899186931041,0.2564960542875,0.24021987166807,0.234344955831816,0.251575024124023,0.281652074932448,0.206975625167317,0.186298055444411,0.176106619847666
Nfyb (28g),0.318560029412884,0.283999334702092,0.271386084231583,0.270037727340236,0.263681196239561,0.260368332272812,0.240129630163508,0.235122355249707,0.250420149858253,0.298453905830115,0.203451723829643,0.185996672461607,0.173748761426127
E2f2_extended (187g),0.321376360211359,0.296336123038708,0.285897952707342,0.2830551360776,0.278310221246805,0.255526954384527,0.246751403143521,0.241177377744232,0.241961122714238,0.246979087846078,0.208477001792697,0.18718535003225,0.17635605749777
E2f2 (147g),0.322110551234387,0.296981753646938,0.284850911360516,0.28155645863109,0.280304859106191,0.253480163977868,0.246255608649363,0.239914768952407,0.24349046020962,0.248337724215786,0.208093567171648,0.186926942701373,0.175754181251383
E2f8_extended (36g),0.288068501340734,0.264912468129292,0.248254682198983,0.260604362546458,0.239684270729835,0.247113689004025,0.235216283801895,0.241359747832518,0.241926468497552,0.381478787111471,0.203619337303789,0.179607498094056,0.175663574507237
E2f8 (19g),0.274457051701301,0.227905146630911,0.223770030503016,0.240321287919502,0.202627318586697,0.233457131357689,0.205318336385647,0.246080861157048,0.22958860175751,0.455822539941662,0.186187761705188,0.180331664305933,0.175387106073436
Sin3a_extended (770g),0.317250415604692,0.299559613062394,0.297048099236328,0.285327361363707,0.280800401160868,0.256396447942421,0.251201313447576,0.245635111937168,0.239363474227125,0.223672470722555,0.208887384339379,0.187817372333343,0.177025973360056
Sin3a (334g),0.320259779278901,0.297999747063735,0.296338077993824,0.283728833047976,0.278657820469196,0.257033506887545,0.251541975559977,0.245272451959475,0.239524684683656,0.226215227260922,0.208938154169409,0.187489049186282,0.17662114817113
Mxi1_extended (2236g),0.31604216391167,0.297708901671634,0.297117830044535,0.287696014391189,0.281627398812206,0.257073247075638,0.253640380772079,0.245778114541776,0.240307543054137,0.221458715448185,0.207359123962436,0.18799979236875,0.175889926113696
Hdac2_extended (91g),0.315143489463721,0.296902676080417,0.298451506692678,0.281021676478226,0.273715327997839,0.26579636132573,0.24836698026946,0.244233604566746,0.242178192093504,0.225905869969546,0.213535178748054,0.187479739471021,0.17698314536306
Dnmt1 (30g),0.310824206726745,0.282337826660301,0.280032305333066,0.274747108438699,0.254119182860437,0.271960041181664,0.241355391432279,0.245557121659036,0.229198916102472,0.29654373455405,0.214195220683493,0.186041368392203,0.177081004495801
Smarcc1_extended (26g),0.308630280489495,0.289316622540544,0.286483392641819,0.267434842013952,0.262972201195288,0.271644121398095,0.249252290069794,0.242994543720872,0.246253380841299,0.272113101227558,0.210190580232373,0.185692254037655,0.176311100846774
Maz_extended (310g),0.315677768510316,0.298854294009779,0.295194484768561,0.282790973246801,0.274617860818255,0.263669941375412,0.250299255239519,0.246858194937609,0.242110969555668,0.226621524167997,0.209756628877773,0.187440641912095,0.176430425772931
Egr3_extended (264g),0.324344386477708,0.297621256954106,0.282567022014712,0.280285729802482,0.272223985318393,0.260809351140845,0.250219115961049,0.249143860128785,0.256800478344582,0.222481514160333,0.21044594633708,0.188098744841645,0.175837588771284
Rad21_extended (234g),0.311919841678999,0.30764258279669,0.292961162444122,0.28157477595119,0.2734404815542,0.25907845106572,0.248751649989364,0.24128815518779,0.237716563318008,0.241675323287184,0.21029534864234,0.186478063074707,0.177529426463488
Pbx1_extended (202g),0.314324776656958,0.295373238937599,0.293865450737972,0.282990945471205,0.279536452466257,0.271141424874232,0.248885285940258,0.243315805219202,0.238830807856434,0.230224757683296,0.209048962464566,0.187724913320637,0.176157889291856
E2f4_extended (599g),0.317157471989551,0.303193312448133,0.293779833000024,0.282869085653446,0.279967465898769,0.262160449755541,0.25026736084764,0.242779538646568,0.240537750370753,0.224114883449698,0.209354731983026,0.187088073281442,0.176084206262495
Brca1_extended (237g),0.314257420382522,0.295923214662308,0.289269709304122,0.279921635506981,0.272581089635475,0.263692127626363,0.250573182753987,0.242803972932438,0.239956558353072,0.251775023808204,0.210892181364978,0.186466362381777,0.176099042228758
Srebf2_extended (685g),0.319138942648627,0.299121123492259,0.293160982279129,0.284860111707473,0.279289253471908,0.26206053790506,0.251665211377265,0.243467927800795,0.241013819008822,0.223401342632564,0.209098527782624,0.187458651285125,0.17644155630127
Ybx1_extended (459g),0.319281863331176,0.298830346339634,0.290327500040024,0.282680205473597,0.280242686162204,0.259787901241987,0.250560164208648,0.242094753448639,0.244156084734089,0.231453781759384,0.208575895575835,0.187605885039,0.175980445819895
Irf8_extended (619g),0.316770483848024,0.297209359221921,0.299652608663695,0.287871058474042,0.284624888187934,0.255507281416946,0.251036155269448,0.245043819843083,0.239722619600082,0.220014102933436,0.205904065727735,0.189370676510709,0.176056967949597
Irf8 (230g),0.31897885480446,0.295150143946741,0.299679320349529,0.286364095236958,0.283592609352414,0.255967432529558,0.250924920401611,0.245970611506309,0.239864080203977,0.220619206841018,0.205875685959192,0.189812903148605,0.176353737138712
Elf4_extended (555g),0.314659210016876,0.297782732755558,0.296675554986719,0.287414696242352,0.282964560587514,0.259845299621599,0.254499182396807,0.244402910586104,0.238788471325574,0.219223264872386,0.207892276689058,0.188779096838664,0.176426829021039
Elf4 (363g),0.316740969091567,0.298011170381853,0.296523716117858,0.286154744446825,0.28058333326892,0.259536631013087,0.25401432430013,0.244726800691635,0.239887516179795,0.220164186370875,0.207743078294794,0.188772034760016,0.176560919508534
Stat1_extended (249g),0.318856546836751,0.302944326640195,0.295006553794254,0.281464589853093,0.277843223165335,0.263797126107803,0.24591414724056,0.24267749944854,0.233851597730702,0.220649520975758,0.212300686254642,0.197351864867844,0.180189714885526
Stat1 (152g),0.317991192829191,0.302948691222323,0.29510729774258,0.281237561685213,0.277586869746257,0.261702882950907,0.246469496388744,0.24318180982532,0.236662358662338,0.221473260884238,0.210520795690117,0.198492257991001,0.17948891611716
Stat2_extended (144g),0.316361390167166,0.294876820581374,0.290926881791548,0.27814290256282,0.277282491154437,0.28357620407677,0.245374381291778,0.240661074409377,0.234241827296628,0.227429642707883,0.208510842315865,0.198594092551415,0.176377661412246
Stat2 (65g),0.317556723688975,0.29416042246341,0.288857054233163,0.277392885783995,0.279214736061537,0.276362065531139,0.248009245231603,0.241873022725556,0.237017899234044,0.222245198211955,0.207801074008861,0.205642185409192,0.177505179265551
Foxn2_extended (14g),0.277964287908873,0.309884989051116,0.255837495577443,0.272436195396863,0.267396983188637,0.255967986695005,0.230912702984836,0.224389047367012,0.228476033285976,0.21208750729688,0.193427733610762,0.184117114534858,0.189637710873635
Foxn2 (11g),0.278223995490167,0.310358642022832,0.249086098646036,0.275103887312211,0.263518846059302,0.258764541805537,0.232902265185734,0.221657567081504,0.227197219930368,0.210197129493562,0.19388149065889,0.184969142759492,0.186834101867458
Elk1_extended (25g),0.309574877200512,0.289673142319169,0.270813918823274,0.270891995076424,0.275400471993199,0.256538098033162,0.243176976961138,0.254204143307649,0.219775891664506,0.207465491564646,0.207393716055973,0.186905047899254,0.181718942754737
Elk1 (21g),0.304890675134423,0.291660466621019,0.278629818220768,0.272080458214111,0.273787401363692,0.247602239381658,0.240774679125876,0.260730265810473,0.217013464187566,0.203413344278404,0.199648348858892,0.189384604425422,0.178473314750737
Irf7_extended (104g),0.308591751957618,0.343547578852769,0.278830329108974,0.270178032863895,0.261912471128173,0.234988521205598,0.256388205715191,0.244372767072676,0.249534740089245,0.205373199350752,0.199615889238022,0.23002133582233,0.175859742613109
Irf7 (71g),0.311448498166311,0.347313949238932,0.279625977094344,0.268641005011925,0.257681546175786,0.235765300053878,0.252565729003359,0.240535935999567,0.252725362205521,0.205321094403364,0.199679343803927,0.22910364783689,0.175246921701642
Rfx5_extended (35g),0.32559258925971,0.292131227814245,0.283362067154875,0.285668042790661,0.269749033071653,0.25829860432331,0.249545438763853,0.247021912531151,0.23417485502434,0.219302293220079,0.212669257328969,0.190887039707526,0.179894208879032
Rfx5 (31g),0.326542327011807,0.291278819063208,0.28141465091802,0.284355954768304,0.269669749046836,0.258186520341621,0.248783934706354,0.248184416772459,0.235434402899171,0.219837073826112,0.2133556082286,0.190001131802277,0.180552838579215
Gabpb1_extended (428g),0.31903622007071,0.302961709952207,0.29380819438782,0.285875354287429,0.278625802302788,0.257863383715582,0.251094732984542,0.246293146071064,0.238605744180893,0.218047646612614,0.211945184024445,0.187562610219737,0.176639527584724
Gabpb1 (94g),0.318492376058983,0.303549210065648,0.295623200604469,0.284491142649315,0.277291149065888,0.258715779516561,0.250290669247574,0.245737150209596,0.237311261074652,0.219429964723194,0.211861209278971,0.188008261202976,0.175305695012584
Foxk2_extended (74g),0.322657097106509,0.30755728848549,0.294416543054511,0.281925682583491,0.278379398049297,0.25580166569891,0.248963334794841,0.244369649767278,0.236589817056369,0.220269960871672,0.206978890999904,0.188819166439119,0.175447506138118
Thap1 (24g),0.315177084283071,0.31538377081472,0.281581684013196,0.276870403458018,0.277195828724687,0.266176335532699,0.241526613760411,0.243809538005323,0.241634201649602,0.222182083452175,0.215213079229235,0.187200411708416,0.173572919332412
Nuak2_extended (12g),0.322237235404038,0.308221768178441,0.279293077529923,0.267246332421671,0.273933901629561,0.283027735372177,0.22881741936118,0.245335294821937,0.232781553847294,0.222386977662537,0.215026673592878,0.190475489315443,0.179221599205405
Irf3_extended (31g),0.305038567256591,0.290099676112314,0.276792232515742,0.285778626286301,0.291872524357585,0.261895000049579,0.245862002474142,0.236428362935773,0.220697848833825,0.222635328189985,0.216400346972069,0.185078356730432,0.176309970800586
Klf3_extended (20g),0.307112779400306,0.324246493908526,0.268621193002066,0.275591074983703,0.271644136562705,0.247277013631625,0.236836056997275,0.241928309003118,0.258478764870846,0.220453334106423,0.200790138421121,0.194191501964197,0.173492427265999
Etv5_extended (20g),0.315199502906304,0.305728567718969,0.286290324704831,0.287554482268339,0.284391993777245,0.25551215479407,0.256254116838439,0.242167724137076,0.237103634898444,0.21767639677603,0.205266732348898,0.187011671917095,0.171702504809456
Cebpb_extended (1081g),0.316549346326174,0.297682061853086,0.296006226249233,0.288109455211434,0.282991058693178,0.254440899054261,0.255844539759478,0.245294272563115,0.242378440406617,0.21922850458705,0.206657395883956,0.188313487900476,0.175666079314796
Ets2_extended (3177g),0.316409879346179,0.297858631110071,0.296464596628043,0.288052874538145,0.282551349001421,0.255350713074557,0.254175265307063,0.246054376251258,0.240897249710441,0.220306843308164,0.207087400382843,0.188418321318884,0.175957384160624
Ets2 (1493g),0.318332663907301,0.297787210148908,0.295604122223073,0.287122533454691,0.281734075749132,0.256622124447185,0.253851811211938,0.245413531775734,0.240067593582216,0.221014204824376,0.207773372548526,0.188312879497595,0.175980699086711
Bcl11a_extended (105g),0.337502078069507,0.298144504509884,0.286853979198024,0.278708984453627,0.274039152432242,0.256914554759758,0.249053170602648,0.245077020643512,0.241250948373,0.224520540946834,0.209358304999874,0.188522122993153,0.177962173399639
Bcl11a (31g),0.342281282965469,0.298750352526547,0.287112818408173,0.281937007533577,0.273436785596747,0.239298934622767,0.252541641365447,0.248573110705661,0.238123488451254,0.219033420265949,0.209728297785637,0.190180966171345,0.179842463902287
Fosl2_extended (44g),0.329440961850636,0.305682867161308,0.286781889757497,0.281519261292691,0.280314644813055,0.243893372697702,0.25048126315869,0.24946270339057,0.24867128236845,0.21904482319107,0.205734820865721,0.188285881187645,0.175535125928347
Nfil3_extended (165g),0.328930230296755,0.303480087141039,0.289225865004779,0.280985795416926,0.283155148620814,0.252901333717875,0.245251882949475,0.241976669460807,0.248250490568704,0.219177580787085,0.208423516511616,0.188915733691674,0.176849776450133
Nfil3 (18g),0.346656244104171,0.306751590929899,0.282151833852396,0.274061964556919,0.274866070038715,0.243037593891994,0.243498716757629,0.23501299829787,0.260642000933611,0.215221408403613,0.210475794921907,0.191011498464212,0.175909982997645
Rel_extended (571g),0.329207027238088,0.29627168229053,0.293717937049629,0.284164233847092,0.280635402652997,0.2520489184933,0.251813917169155,0.244250948899989,0.243301681394004,0.22060556578103,0.207035286095186,0.1888472295552,0.176333623354022
Rel (447g),0.332570302037961,0.296980412130262,0.291505718324114,0.282630672017271,0.279750608123365,0.252160630339485,0.250728748771971,0.243678998625043,0.244143754901689,0.22094419800013,0.207446474606397,0.188816670285925,0.176760502994343
Stat3_extended (236g),0.332998020127646,0.297979319791933,0.290931328782892,0.283419146435968,0.279301887842517,0.251057702359869,0.252354642104213,0.241759620664568,0.245568212999244,0.218987006262942,0.20785431690102,0.188627885764142,0.176392775267754
Stat3 (34g),0.355089896989968,0.302136454312455,0.274458881066114,0.275512628802849,0.268246184793382,0.243547495677385,0.251949255911834,0.232761372378273,0.266138867638531,0.219056587648001,0.205229576047646,0.187460119431139,0.177149013411587
Irf4_extended (134g),0.335014575433762,0.29605459949648,0.291279318672763,0.282413172387356,0.2785712121045,0.245012653367325,0.250812776146697,0.245482370383797,0.248419148281788,0.219899869960927,0.209346241551314,0.188684450392671,0.176302654272875
Nfkb1_extended (224g),0.349795157734776,0.29502820518759,0.285216847599955,0.278641003171763,0.27443766565305,0.245088647532432,0.249960987821564,0.239906939176045,0.252557188702257,0.220567956898911,0.207586077842836,0.189086759200058,0.177401030300114
Nfkb1 (144g),0.355370205683202,0.293035768144619,0.281425329328334,0.276975719077698,0.274195906658652,0.243601804179852,0.249545415962385,0.238091829272207,0.256125637599035,0.222492628817099,0.207942128511996,0.187974455903564,0.177213576401202
Foxo1_extended (23g),0.365668402538761,0.299781864591455,0.282054902152246,0.265873057691934,0.274762622496585,0.239750701475505,0.228742676715364,0.240436601516498,0.243920890886826,0.223756865748819,0.214256616663208,0.186773831756083,0.17909364852334
Relb_extended (439g),0.326062592035886,0.297262464581159,0.294708594163911,0.284049141615274,0.280035677998761,0.255561908820325,0.250609427165633,0.24408200222226,0.240327551522897,0.222025466610238,0.208758577511747,0.188281577466106,0.177598905113894
Relb (393g),0.324184273467699,0.297942165773002,0.294873546884843,0.284076125857144,0.280572060470823,0.256289283408148,0.250543774651015,0.244365678932282,0.240266260435169,0.222343880778378,0.208649384231832,0.188167350227946,0.177080174734128
Nfkb2_extended (53g),0.334074020230213,0.294134246025376,0.289916046040583,0.285382128060944,0.28300793091201,0.241755345519622,0.25455702570711,0.242724981410318,0.248920678185062,0.216557386310481,0.20600230794411,0.189530786525677,0.179151433485275
Nfkb2 (16g),0.332464421522213,0.29032157007071,0.28653579128937,0.277950133999646,0.284407868815466,0.242265815140255,0.252254017521175,0.245188125276214,0.260750116957168,0.214359961306677,0.202605665261359,0.19036261772948,0.182832238300843
Etv3_extended (1522g),0.319684147432513,0.297871043714009,0.296369217342419,0.287183244716676,0.283837439457013,0.254369598800184,0.253027997004805,0.245012144116823,0.240386200583584,0.219222237535092,0.207350924904632,0.188421662304737,0.175909615026237
Etv3 (1111g),0.319899675389727,0.298432721992275,0.296624694026593,0.286602478080823,0.283128338339279,0.254581735557157,0.253000031867626,0.244991026215528,0.24037077928249,0.219108150106366,0.207666034118798,0.188196350053321,0.176011048064881
Stat5a_extended (128g),0.330370803967208,0.293131767371834,0.29652088629247,0.28653992006755,0.283974541476478,0.245826301351208,0.251572617232563,0.245295245498645,0.242512632281741,0.218490134583407,0.206643879725706,0.189462093618392,0.176666225968764
Stat5a (108g),0.330996400612349,0.292809581633436,0.295682085068988,0.285885955169509,0.282725661943832,0.248470621993923,0.251293185289174,0.245200093360536,0.243096009724189,0.218890412499042,0.206277143110555,0.18932360918912,0.176519808371178
Stat4_extended (181g),0.33898924062903,0.291310720333396,0.291106829503536,0.28336422620425,0.281061488639239,0.252417471981171,0.249668913543238,0.244161675358688,0.239159589621464,0.220336573648762,0.209638129962902,0.188349732131362,0.177798187445626
Stat4 (106g),0.347910045726018,0.290010994456946,0.286916327808285,0.279437286066757,0.279758198836242,0.253111758148841,0.246478467094772,0.242047778150664,0.240708939767284,0.222108522810378,0.211213086137272,0.188645657899911,0.178366034390429
Hcfc1_extended (762g),0.313596102772996,0.300493786909198,0.296035916519092,0.287410644957478,0.27863402509445,0.261360518593082,0.251077767265922,0.245331628855716,0.240084090089966,0.223367397709979,0.208971153796257,0.187465038528037,0.176355664027905
Hcfc1 (314g),0.315539421515618,0.30034243886034,0.29567713187877,0.286300442055965,0.278116696233027,0.26103925964642,0.250082812755105,0.244956549635706,0.241387720068141,0.223173118588219,0.209436167534665,0.187474025014571,0.176141966698548
Zfp110_extended (590g),0.314856265126309,0.302250052193139,0.294745100540066,0.288076418069621,0.285355249171856,0.256800755459092,0.249297323577424,0.244994092744317,0.239558174339797,0.22023184541321,0.208126342913763,0.187758302469312,0.176309828573573
Cbfb_extended (14g),0.290942282229702,0.297766310590503,0.304432650371831,0.256182364559716,0.262454235742672,0.284690525336988,0.24150910468435,0.234428902453657,0.239686295383516,0.22943994273018,0.210733147378159,0.190621977716335,0.17381278005134
Nr2c2_extended (400g),0.312778488225592,0.298818711859237,0.295559659612544,0.286913826793213,0.282071212598784,0.265988792626875,0.248774542449747,0.243852732179263,0.236994417035548,0.223673607696726,0.210493081022933,0.186880840353933,0.176408693352009
Nr2c2 (36g),0.311544649315869,0.299412589370926,0.294673967804277,0.281517284030461,0.286736388495908,0.267035731179042,0.244951432607242,0.246849924420617,0.233992853229533,0.219570454320584,0.210429940160302,0.18847621920385,0.177011952035391
Gabpa_extended (1029g),0.317430292973898,0.298851725252975,0.294190210494361,0.286035413683165,0.27978447419349,0.260337395915044,0.253158639336083,0.246099117223443,0.240040737712366,0.222270060958175,0.208278389521527,0.186991457657501,0.176371009250307
Gabpa (785g),0.316437637748483,0.298941042436724,0.294713824159481,0.286171179059133,0.280604454001117,0.2598250052369,0.253379459388527,0.246010442921034,0.240348565300181,0.222147175685243,0.207980845540042,0.18680610122279,0.176285915760367
Brf1_extended (1039g),0.31686011647092,0.298366043101876,0.295860067226518,0.286930424838567,0.282018264669485,0.261228957512261,0.251440171557162,0.245413538275319,0.237836084080448,0.221354000825748,0.208579464704004,0.186861560523409,0.17646920453078
Ep300_extended (1404g),0.31593779037099,0.299725184422016,0.296032706381714,0.286717204193828,0.281879958625613,0.259428508700379,0.252361919462801,0.244769374241188,0.238588549517724,0.221799245948558,0.208472832213512,0.18787792794447,0.17623086417976
Ep300 (1037g),0.315854940481906,0.299786348098517,0.29609750992413,0.286833161464681,0.28159759619706,0.259407015299315,0.252796791453986,0.244413621597527,0.238736307746778,0.22176689618588,0.208425495047107,0.187902306224158,0.176109748933028
Rela_extended (1880g),0.314967771989957,0.298892457992135,0.298129937809724,0.28716933685848,0.282043634598743,0.25683312481215,0.253163482183931,0.245915729183434,0.240424733427642,0.220698284643465,0.207524711582245,0.187867409447389,0.175821438184873
Fli1_extended (1703g),0.316062790297812,0.300149909428234,0.297540180786586,0.286092962090326,0.281799829632038,0.2579500595127,0.251607100735681,0.245390511614987,0.240150592914119,0.220603107711259,0.208100603159824,0.187990338744049,0.175950435649786
Fli1 (919g),0.317229174558623,0.300584032465062,0.297267584217276,0.285185073386436,0.281518729148095,0.257305286128991,0.251717087205119,0.245449802229281,0.240639576567439,0.219998923044191,0.208258420224962,0.188048872407921,0.175988736478642
Etv6_extended (2753g),0.316768500019923,0.298520428245904,0.297411746154904,0.287125347056424,0.28200188953586,0.257219853133,0.252805910767395,0.245174438070417,0.24009746959181,0.220611349144982,0.207568600442958,0.188058185091096,0.176030296715957
Etv6 (1703g),0.317262154011719,0.298966827834646,0.29720913338328,0.286111822546245,0.281415069308179,0.258086841930503,0.252376184544249,0.244886457892563,0.240587859393932,0.220673146438674,0.207864649939313,0.187954896126104,0.176037853932108
Cebpz_extended (335g),0.316044053838336,0.300963186061796,0.298139455382478,0.28185440228978,0.277155976352746,0.265439050811905,0.249223939316244,0.243691008615225,0.238951527392748,0.224771971589916,0.20978778958191,0.187800552649198,0.176573468052723
Gtf2f1_extended (2762g),0.316143834785569,0.298667838487179,0.29673603459268,0.28660603402873,0.281373477086043,0.258415856891759,0.252504470973364,0.245533826664447,0.240655608373476,0.22164151586101,0.207572365139369,0.188058842548088,0.175948354319626
Gtf2f1 (1384g),0.31686357014533,0.297552003986632,0.297488521098473,0.286045056506603,0.280474163076653,0.259213923482422,0.252062608950715,0.245541062197187,0.24072095123351,0.222216757690683,0.207529335616465,0.188258810854205,0.17608832217585
Smarca4_extended (3476g),0.315045730705358,0.298112155409712,0.297568568329774,0.287638774389489,0.281832466456647,0.257493341252233,0.253278867674782,0.245860900860936,0.240695754102426,0.221137789639975,0.207202302385565,0.18795784207345,0.175864024094525
Ctcf_extended (2884g),0.314582500818757,0.299001746604988,0.297953665999087,0.287367838213311,0.282126855140313,0.257281237720149,0.252998671015387,0.245424675736869,0.239913757577377,0.221492176667144,0.207525519941228,0.188038043835354,0.176056530303366
Irf1_extended (1251g),0.317494702993092,0.29829210416995,0.295740083814269,0.28627246303111,0.281788672891483,0.257973612039318,0.252788872057038,0.245686759235705,0.240694272567015,0.22115694288932,0.207728364127927,0.188048695280884,0.17611805892225
Kdm5a_extended (2577g),0.316419458881968,0.298192070401463,0.296415016515383,0.28629894673577,0.281429567881642,0.258651752400938,0.25270029765336,0.245419176942014,0.24047192661619,0.22180682011828,0.208005702215435,0.188088618307906,0.176330120906495
Ubtf_extended (2089g),0.315745684728537,0.298760063867923,0.297278733595438,0.286614381909335,0.281308520173143,0.258850709303419,0.252566159043116,0.245642540117021,0.239443815328325,0.221702745096355,0.208142795458881,0.18775950028703,0.175980527382711
Ezh2_extended (2630g),0.317078771027822,0.298958649560712,0.295524798509506,0.286308071364994,0.281605759494848,0.258116799543427,0.252155094776115,0.244809929440026,0.240357143992879,0.223425811885635,0.20794295418323,0.187852913216302,0.175825987274728
Taf1_extended (2828g),0.316084499329574,0.299111917574052,0.295762502386907,0.286500468966573,0.281918900809492,0.258280519592731,0.252039783506466,0.245441003870459,0.240348013106051,0.22246916191863,0.20813288607488,0.188095811114529,0.17593656962819
Taf1 (1447g),0.315586757012322,0.299426412849488,0.295998328683498,0.285824529899395,0.281160055647573,0.260626604401561,0.251479293697294,0.244805673785448,0.239839707626717,0.223559949179809,0.208288471747282,0.187646507123954,0.175892475935192
Yy1_extended (2121g),0.315237585812629,0.299100797902181,0.296517295587553,0.286451319494667,0.28230387231063,0.258942683031622,0.252636221234797,0.244440034662084,0.240601079146952,0.221870395158804,0.208191856630138,0.18766413303455,0.175903587060464
Rest_extended (1590g),0.317411067849447,0.298922114299725,0.296845450787181,0.285923898467552,0.281641526578343,0.258771900747462,0.251147869891343,0.244694783126092,0.240274386218167,0.221616770235164,0.208746357352158,0.187636405978109,0.175943565975791
Irf2 (18g),0.313545870896759,0.293792344991957,0.30876637221375,0.281094071738046,0.259413900946019,0.260819753490041,0.246892608485145,0.251265390700442,0.248856680982974,0.220518347086658,0.209234798158487,0.18636314830416,0.177706184328043
Smarca4 (1279g),0.314946179214512,0.29849797809222,0.300332878264967,0.287658662920997,0.2809139398839,0.254943536613376,0.253567140155049,0.24666707961907,0.240795139249204,0.220055431479315,0.206598785068564,0.188190931918902,0.175933986500195
Chd2_extended (1126g),0.314449773900144,0.299698983577955,0.302095150254243,0.285617157043772,0.280534638044479,0.256143611235478,0.251481107560776,0.246247207097643,0.240569005859216,0.220636704716917,0.207701160237125,0.188121577054944,0.175920555852753
Chd2 (781g),0.315550913679194,0.299640172638347,0.301982641587134,0.284978027751121,0.279122514420081,0.256584046023531,0.250996931611784,0.246200097637694,0.241021938962594,0.221164804350317,0.207987128134267,0.188040925991537,0.176105922025248
Smc3_extended (36g),0.313882669988285,0.301269688262203,0.306979217549368,0.280150007223587,0.268165593446395,0.258731349603948,0.247817062897368,0.249082078000971,0.238718985343752,0.231298914352123,0.210309656228731,0.186580615084629,0.175344208934988
Bclaf1_extended (1218g),0.313731456071868,0.301939077367826,0.298591269749356,0.284554138003024,0.27901961700181,0.261715679371478,0.24965959341825,0.244693904850788,0.24064964237908,0.2225732819188,0.209007191080732,0.188078456083556,0.175822778492369
Bclaf1 (897g),0.31396923879106,0.30190196654509,0.299414630208505,0.284118071613766,0.278408657987244,0.261799399089166,0.248863449562185,0.244708287140967,0.240734968018244,0.223037618466732,0.209079660808917,0.188118341711254,0.175903780813442
Atf1_extended (1212g),0.314187356332684,0.299550081339534,0.297477841654131,0.287235560284149,0.282390771929189,0.258746830773636,0.252731180140986,0.244717069100006,0.239778550150024,0.221427409779012,0.207697105258931,0.187614092479468,0.175910387539734
Yy1 (267g),0.313150659310058,0.299993096453271,0.298720464724024,0.286193226659716,0.280509371314489,0.259389479910518,0.25214960422,0.244772671188336,0.238583010827489,0.223690104085617,0.208409660965515,0.188358725440127,0.176281322637553
Rcor1_extended (90g),0.311020724788667,0.30003003579762,0.300889416275121,0.285861924718326,0.27827837183529,0.266003640815892,0.248612774393845,0.244951864309711,0.241262142637861,0.218948811431462,0.20749034074902,0.187577101465922,0.175731092235683
Smarcc2_extended (1586g),0.31431898610407,0.299724960135657,0.29871839364628,0.287061208115307,0.282039507055418,0.258111792369464,0.251829458978643,0.24548354145107,0.239880673007047,0.220575528364913,0.207607550832741,0.18802546547386,0.176074579751176
Smarcc2 (442g),0.311563090460126,0.29974861215448,0.299363841627237,0.287738555288599,0.282475330857007,0.260211458007464,0.251372186445095,0.244979856181335,0.238830615396501,0.221893066156346,0.20753670460133,0.187662600087421,0.175947955782298
Junb_extended (211g),0.311339659831676,0.298960642804622,0.288259772736343,0.288929097415755,0.285677153888767,0.251193596619523,0.258710027330291,0.255156903571783,0.245485898846364,0.216407823507894,0.205648917317699,0.188240189412876,0.175326450281833
Junb (26g),0.314987045455161,0.295385301748099,0.29157722366407,0.287590656202679,0.2798856400329,0.247143530996197,0.261069927441483,0.262099227813444,0.245473144780389,0.213749359613043,0.202332035191113,0.188575384313286,0.174459327135615
Egr2_extended (27g),0.297354926003574,0.272597110642454,0.28543467722179,0.280432301619981,0.271940803169382,0.22217511776292,0.269961825529604,0.318441632932382,0.262019235653065,0.207511683277779,0.19834999776373,0.195912839593709,0.17450274784736
Egr2 (21g),0.297870152123982,0.273648174974511,0.286055460561333,0.279543620988931,0.272725464046294,0.22159157031271,0.270139151751115,0.318873088051965,0.258724852357596,0.208262442597572,0.198351208308141,0.196491996989791,0.174186132062389
Irf1 (14g),0.290682272745713,0.294837556110696,0.281049921735131,0.274310808398895,0.263500178064371,0.21666647645249,0.252666919675907,0.311257310170583,0.267060334513102,0.208878593515472,0.204473051054193,0.203297113639197,0.181630282939581
Jun (11g),0.30867907789851,0.287050089857981,0.289560807432143,0.282016733615165,0.277656365063008,0.24796234673433,0.257002625089255,0.279659690512245,0.248399880145973,0.220390110059923,0.206728079310409,0.190739989726973,0.175365215983395
Jun_extended (165g),0.308584153935516,0.293035036362448,0.294585977513401,0.288881151139374,0.280927301585054,0.249060804099398,0.256889686887415,0.267300481762376,0.244092182055748,0.217389368694672,0.204239036877973,0.190045818203018,0.175577158235646
Egr1_extended (13g),0.295352184158535,0.290160336724223,0.293324579543873,0.284849034119208,0.275437842896417,0.242707039167373,0.264126016708922,0.28756872807166,0.252297887540419,0.21528784268084,0.202252229635023,0.191494815757967,0.173558066700213
Klf9_extended (716g),0.31219170374056,0.297967964712232,0.296076614385981,0.287848213697288,0.281866572574679,0.253291776442224,0.257656826500919,0.248209595203583,0.245779002773815,0.21890850115449,0.206327464434232,0.187900348388377,0.176020212296537
Klf9 (545g),0.314157646811113,0.297853976176331,0.296134644592206,0.287175725080358,0.281809086753138,0.253590148489355,0.256489622677174,0.247663184110208,0.245060743660704,0.219374181167593,0.206647873856379,0.187819376918629,0.17597751577686
Bach1 (16g),0.310283912138868,0.306458299968419,0.294549953455535,0.291417283588597,0.282270097535742,0.228662183493906,0.264009989174573,0.248762696596549,0.254658210729389,0.212531617290233,0.199711708022912,0.190080341121922,0.175943438952562
Jund_extended (2255g),0.313333425356954,0.298441544343655,0.298128823778174,0.288416909093003,0.283219524493977,0.25417262147515,0.255374043252679,0.246723053450622,0.241264912726572,0.219967091219888,0.206464023010778,0.188054428986507,0.175853504087516
Cebpb (107g),0.313382742428916,0.297367255205923,0.299084438524016,0.291918126052307,0.283577787946356,0.241245906257608,0.263193828659117,0.246486121976703,0.246694172992863,0.215949068617725,0.204329768698557,0.188383745436832,0.175353837680753
Bach1_extended (630g),0.310169587392619,0.298453360401605,0.298916261245117,0.290464297998597,0.283904442172591,0.248164219273492,0.259232131721522,0.247901838330145,0.246543144634372,0.216821558788646,0.203885637220991,0.188463045994743,0.175623730819293
Atf3_extended (583g),0.310093836246,0.295209861400738,0.300921429290392,0.290719572326531,0.282151168581448,0.246152601528478,0.260325688195055,0.254498662526175,0.243331662978554,0.216613911434542,0.203830327872132,0.189368357208846,0.175909274168569
Atf3 (174g),0.308964447527258,0.29429305901506,0.300477620727443,0.290923787932904,0.282452591042765,0.244300068779367,0.260290563795476,0.25922937453301,0.243778434448103,0.215895054698315,0.203139832493671,0.189771366404227,0.175127984228058
Jund (56g),0.309940007378722,0.293852776405694,0.293424442449892,0.292145638969514,0.27653202025363,0.245097631277212,0.272673735889105,0.250468468379222,0.250973541821911,0.217332636166069,0.201136910322829,0.188429321003116,0.176438494911793
Atf4_extended (254g),0.310950990702814,0.295626268381888,0.294688279465567,0.288832865728839,0.2760068325654,0.239249645561199,0.266495104218001,0.253885882656874,0.261558438290359,0.215969448734469,0.200954650543671,0.1886058465049,0.176008333396583
Atf4 (214g),0.309267050809519,0.29476369265854,0.295874078121747,0.289987565554693,0.276447633217052,0.237941459459927,0.267525352043192,0.254303970561546,0.262456003952025,0.214830112424216,0.200443057032541,0.188401442383884,0.176039381346228
Nr3c1_extended (48g),0.284901074625457,0.308365194468912,0.308371935069011,0.304835892558403,0.29671234303022,0.240959517470107,0.25808496847533,0.248069394555453,0.22822151799857,0.210639766393691,0.200651903488334,0.18563893809469,0.173936750392693
Mnt_extended (19g),0.274370877590852,0.274641660680832,0.339589108196411,0.309749029241583,0.268914304042101,0.226866796185737,0.26415059731105,0.259652186323697,0.238017811291809,0.198784430872227,0.188231354387757,0.197762693797134,0.179811295017606
Fos_extended (250g),0.312851405527611,0.299500027708835,0.298472175181507,0.290896344254942,0.288585431524044,0.245180960923641,0.25358045432275,0.251169540776816,0.240693254266552,0.216334971278229,0.205261557253611,0.189683243811015,0.175287315783479
Fosb (29g),0.302934948191722,0.286816546479289,0.305484141078601,0.298362292773992,0.294892043789646,0.244594390840719,0.258131522913749,0.260086612775309,0.233326307576605,0.210883003764211,0.203230454625339,0.188260937317385,0.173906168238269
Nfe2l2_extended (29g),0.299497887558067,0.29074785364498,0.317095498857619,0.296334643769287,0.28116657490227,0.248413858256612,0.255841868412089,0.25300507248864,0.239560448369578,0.212712539176862,0.204696522009545,0.188181096773122,0.175967668236964
Mafk_extended (22g),0.27325403300685,0.277068488954862,0.30706557419643,0.311191128454196,0.273679468678166,0.242084468470102,0.302528901214735,0.26882986328535,0.236067632436134,0.206182102805339,0.189523293367641,0.188099840032464,0.17423773106032
Mxd1_extended (425g),0.310506739397486,0.296759646615413,0.302033468491138,0.291330027006528,0.282767589439189,0.252105321971324,0.257229233243144,0.248065041503468,0.239830465892366,0.218600740021065,0.204886301497548,0.188555925627841,0.175935811014598
Nr1h3_extended (68g),0.272430508287288,0.296297255466451,0.331348125576144,0.307325668475898,0.299244642337018,0.222940410051953,0.265895977575384,0.257620177947945,0.232023071078329,0.199868918237363,0.200492606882303,0.191366467706891,0.174203858118255
Nr1h3 (24g),0.24984427691976,0.296689062189547,0.348302724318057,0.312730698037589,0.308264525501803,0.211131139318865,0.26108268206518,0.258012209348518,0.223907273802528,0.193631071980217,0.191944807138251,0.193745439087034,0.175258119728655
Ddit3_extended (48g),0.290501876378147,0.297177217645885,0.316714097786578,0.297877878470875,0.28901941192316,0.232156997554438,0.259307112152377,0.258654219444261,0.245163166896258,0.211568709504787,0.199852817052944,0.190494596977789,0.173978670626251
Bhlhe41_extended (1372g),0.309410980046773,0.296272537383368,0.303425577028263,0.292651933093609,0.284998017091136,0.250280641565422,0.257503206613241,0.248515797700504,0.238772807271939,0.216849769457433,0.204904024027282,0.188725821388128,0.175772710370959
Bhlhe41 (353g),0.303932983307184,0.294547495940225,0.309625799314573,0.295932088950407,0.285507472502461,0.246509006280455,0.260766230687524,0.250366195930394,0.23714717447365,0.214708345842451,0.202674137732514,0.189011549821713,0.17563460628156
Mitf (107g),0.295354545420704,0.2897981300932,0.316557769951552,0.299235356817307,0.28929018675685,0.24310125930636,0.261258820026159,0.253992633663393,0.237445256951186,0.213234578720108,0.200819484122136,0.189043452907775,0.175068798406692
Mitf_extended (912g),0.300299870218328,0.295098090924774,0.310528962815513,0.297651112422576,0.290924163469924,0.244419586819143,0.259081886255896,0.250796131733411,0.237240809674353,0.212676265619339,0.202434598414323,0.189146606502956,0.17494383581546
Tcf4_extended (806g),0.306255463274135,0.294793351243704,0.306022890522714,0.294389616306215,0.287056513509851,0.248755425064405,0.258693655163017,0.249896565433929,0.237558381235118,0.215867136612827,0.203848597799796,0.188744650558252,0.17523034303564
Tcf4 (30g),0.280052806402418,0.292772470187317,0.327194531229558,0.307552922695199,0.298366769805147,0.228957034877956,0.270539479069987,0.25504247744259,0.222824490217923,0.203817511198067,0.199847638572038,0.191083070142383,0.175049859682212
Fosb_extended (186g),0.293727027581869,0.288734376379592,0.314872253030208,0.300656712615594,0.298415397385042,0.240546686028738,0.257240978136709,0.261920931102556,0.230576776513639,0.208827842805307,0.201867125115065,0.190800418082342,0.174292953614639
Spic_extended (92g),0.301554174137108,0.293223921786745,0.308275537875813,0.299269284633583,0.290041836768323,0.240994499918711,0.263436263341178,0.253794535299957,0.234411168822065,0.213547369137774,0.201826108536996,0.190256510144322,0.174218525442022
Nfic_extended (19g),0.274138368376132,0.288934206586527,0.328090778505776,0.310413023947473,0.298691988420032,0.230513821548708,0.26741204464773,0.261526981591652,0.230036137571609,0.205085764219092,0.193137251882466,0.19136209720404,0.173998641190211
Crem_extended (450g),0.307979483607491,0.300984148091618,0.299782651321869,0.291945637758207,0.296471340894089,0.250761676424719,0.250555054992483,0.246272905031201,0.236366942825664,0.214319759772097,0.206700718957687,0.18866568655105,0.175381108725881
Crem (282g),0.308885668669947,0.30147423040871,0.299912525699854,0.291227500964713,0.296896427034183,0.251034758050274,0.249226928671845,0.245575938105879,0.235754762701182,0.214847211870011,0.207461177014705,0.188349066212965,0.17525136310851
Prdm1_extended (70g),0.307299593082242,0.297390831403579,0.307745834450363,0.293691641341472,0.294738436675657,0.251026587375662,0.249155176316018,0.247564400999335,0.231772894763137,0.213913737905398,0.20502632332581,0.189811985600629,0.17549361359612
Prdm1 (41g),0.31443800693936,0.29980055878303,0.302081415008985,0.290819391090517,0.293168585681928,0.247940350105281,0.247900868139643,0.245581158162402,0.237324535845214,0.21559769123674,0.206152668777128,0.188037518560104,0.175597769274446
Rab2a (27g),0.301572815859843,0.315048719404426,0.288256683267421,0.298268599648255,0.298544280208499,0.249897450129404,0.248263562697524,0.231434088576508,0.241137163252506,0.209393355186618,0.202979841911415,0.186629751075839,0.176447919854221
Esrra_extended (69g),0.307382318988672,0.308033137327448,0.298948984425193,0.290778212768618,0.285707511322892,0.253987246517111,0.253428341662165,0.243578804459782,0.232991159418928,0.216880615448539,0.207032049541456,0.187140941088322,0.177702935320324
Mxi1 (16g),0.306132192561527,0.315581955288554,0.305426561871737,0.288807458128987,0.295157358881215,0.252293299964949,0.244651797935963,0.239844237016823,0.229894984326688,0.210601556806309,0.202132364831238,0.184838052031242,0.174946481410839
E2f3_extended (340g),0.307445710203004,0.293691586188084,0.298537971220974,0.288399357760658,0.279731523266106,0.260918472568491,0.253235632842694,0.24475042265413,0.240038776298086,0.234930068435795,0.20729171933797,0.187438766406776,0.174924836584309
E2f3 (218g),0.307266824159909,0.293056079023346,0.299390926052582,0.287575366936141,0.277809676782198,0.259764186795622,0.253720830432625,0.245680327956069,0.240429909336027,0.238152442248124,0.206968092181906,0.186969384754833,0.17398087296293
E2f1_extended (475g),0.305864610459733,0.295117901757169,0.292434084853494,0.291417071152763,0.286263519589444,0.260728500080925,0.254867167481906,0.246483076068714,0.239179520014061,0.227225098877514,0.207107733262245,0.186497827338722,0.176080510715043
E2f1 (355g),0.303860113514967,0.29463407060359,0.29405948361555,0.291862057409874,0.286619189670498,0.258410098664474,0.254752156291671,0.248526418871746,0.239182072317871,0.228153526633344,0.206871030361421,0.186977393444011,0.17542341456634
E2f6_extended (104g),0.305220422451575,0.298824180052835,0.290965657842076,0.289369217582214,0.277672599589039,0.265844627756966,0.25059256902047,0.245005729044974,0.234917574326254,0.233881909915002,0.206498568960947,0.185687389251789,0.177736836692861
E2f6 (16g),0.290377793375118,0.285586433491298,0.249274790824048,0.265699531270102,0.244078672022166,0.280460526216779,0.221064385009219,0.224170325902054,0.234803097520455,0.263275119404676,0.20578134084729,0.184784234510029,0.183123215306046
Myc_extended (250g),0.311461706375838,0.297466142522489,0.29766911007526,0.288930609921209,0.284672519532639,0.260984483374717,0.252993355015324,0.248183681047703,0.2347764672981,0.220511360858259,0.207428151888961,0.186249924919772,0.175526910294363
Myc (235g),0.31110973413825,0.297715612542827,0.297834360767649,0.288721249872659,0.284818143103046,0.261409760647577,0.252731826291128,0.247883531039386,0.234776924801484,0.22058860634911,0.207443822500381,0.186340897387235,0.175584296386566
Elf2_extended (2994g),0.314617745330712,0.298599642106665,0.297284485723522,0.287782654316892,0.282922837187471,0.256403247788163,0.253790974113383,0.246393148666866,0.240085747168278,0.220683074491071,0.207129680347145,0.188004141037324,0.175821702790574
Elf2 (2119g),0.314601572755978,0.298378203913355,0.297100126330854,0.287513733394754,0.28284854304946,0.257063540021828,0.253983596068373,0.245933575010627,0.2401369457668,0.221274629336548,0.207196927095534,0.187781566854099,0.175767733032244
Elf1_extended (153g),0.313335051590793,0.29436635084511,0.300557594536522,0.283780745444934,0.279486980042658,0.264205712043537,0.251332993088232,0.248694790178847,0.236100992254789,0.222097380966567,0.210403351928786,0.187433638773004,0.175565483520131
Elf1 (22g),0.30620446807886,0.294903764409955,0.308552214945809,0.284326855668065,0.27036188247575,0.26724319232982,0.25102480288089,0.245487965680939,0.235762888704856,0.221533604300268,0.211280142925544,0.186284677343838,0.176727813916649
Gtf2a1 (17g),0.30203194537083,0.267092698344722,0.296728244933514,0.285599089876848,0.263914612854604,0.24439087997132,0.240936391655805,0.229688574193146,0.242821170668853,0.215898137841448,0.20999930968166,0.184791633758109,0.181870785956152
Klf5_extended (60g),0.298006341831922,0.284248835010604,0.296318097379497,0.308248615520759,0.263856792820986,0.246514919503505,0.289450814970957,0.253013766466361,0.225304399587042,0.213604660949475,0.192811008079314,0.186874376404573,0.175710082050994
Klf10_extended (12g),0.29656085871826,0.272048000227445,0.258092936031992,0.267276308262083,0.253394854151972,0.239442451221615,0.254823441853823,0.229822879026982,0.232081311999198,0.213821537490534,0.196215960328348,0.179059914745972,0.171837338201777
Zbtb33 (13g),0.303824629079734,0.285150919383173,0.278365967226997,0.275659294608146,0.276017564042455,0.237302038920551,0.241186863333914,0.247352695586252,0.228659693182504,0.208922214441065,0.194934077577835,0.17693377920092,0.178257551609663
Gmeb2 (87g),0.321849135729788,0.300351020383257,0.29329379965857,0.287622957617933,0.283703473057383,0.257331871037258,0.25299450781815,0.23711378004555,0.238224597835942,0.217092657546237,0.208053843168843,0.18825409885738,0.176133608474903
Klf13_extended (19g),0.293814410477742,0.300878135597678,0.291625399498838,0.294459378335104,0.281799900272931,0.251031770179046,0.260671479596744,0.243874044601276,0.229762988578239,0.213187494249494,0.205484006181492,0.185983166994706,0.175896861642298
Zfp143_extended (258g),0.305255305969137,0.298540276084778,0.294772424066904,0.292881131210707,0.278051478907237,0.263575859437356,0.258102462937868,0.250708161331419,0.232406466720653,0.218435150093527,0.209317690901175,0.187721324537183,0.176654120692445
Zfp143 (23g),0.275243664653658,0.27276209721004,0.273084402188162,0.29226786895501,0.281157610339095,0.24675160993613,0.268764393101134,0.25014552910575,0.216316829156462,0.215189220816974,0.195182525323955,0.181168276909303,0.183946263827395
Sp3_extended (13g),0.253297736404658,0.30830693692735,0.283446348653561,0.257552339076964,0.253601720879941,0.22762762786596,0.244202035168168,0.232287102887517,0.225406026299784,0.229662141805822,0.179773625009375,0.174972083602973,0.181018838740777
Gtf3c2_extended (21g),0.294095660725554,0.275030219158535,0.270213747104624,0.261316661975575,0.26570897718965,0.247864995630949,0.260835743985039,0.230185184311156,0.237088271081219,0.267515674972562,0.201042539606188,0.1835990702798,0.179611891656347
Sp1_extended (17g),0.285333432636937,0.300971004446211,0.299239978514177,0.290336216607939,0.270747868118114,0.238805041072479,0.249074454603863,0.256366734224285,0.223061030880666,0.218413123364985,0.202603181539022,0.182210169928928,0.176258568085843
Sp4_extended (32g),0.26213938257385,0.261429005610507,0.296100209524065,0.298356670237424,0.2525348275383,0.25264854570353,0.283847381057373,0.255054927884038,0.220106552065314,0.19568282568045,0.211530284959576,0.192334189555342,0.172482271611779
Sp4 (10g),0.244818098008857,0.234859445535137,0.23955596294462,0.272712379984168,0.244105936750877,0.257305900411608,0.279899668316024,0.219979432374701,0.206195998790813,0.188031812912837,0.217627462290339,0.190061901852976,0.167445388842302
Zfp790 (12g),0.26670824540139,0.243323004457217,0.240724212396731,0.265730297512601,0.266441059208827,0.256987956996894,0.245369387512155,0.229514024153562,0.197313332697739,0.197236057316905,0.204497717697506,0.180041883054637,0.19075994188732
Rbbp5_extended (11g),0.28986241389422,0.221666633808893,0.227253399006238,0.242120917888917,0.238965256607058,0.271251300985281,0.217755387313937,0.235587054746844,0.205616422309382,0.190620411681943,0.212957456579738,0.184223477300889,0.186522287709056
Zfp628 (22g),0.316287289424384,0.297039509885932,0.292479905113654,0.28503818449486,0.280958549700637,0.262252783843757,0.256379046894632,0.244486437732237,0.238562954908417,0.219129536221507,0.207360421605914,0.188377451048802,0.175440398947441
Rfx1_extended (58g),0.30561605047523,0.300577786665174,0.296508491785867,0.291052062843842,0.277813889152829,0.260257427932804,0.251887820872795,0.242663847126555,0.234142198332454,0.224991331546023,0.207684563589779,0.188477283915134,0.177249807567889
Chd1_extended (11g),0.313309133548307,0.298996836747956,0.293147965007491,0.283884631645917,0.26592410212199,0.262944166781944,0.254810205514731,0.245533637294969,0.235896519670238,0.220829367606813,0.210699156685612,0.189982375120615,0.17618848900998
Foxp1_extended (21g),0.32993071835799,0.299751898423385,0.288197694574737,0.2801317593235,0.272543053845668,0.260281167702719,0.251697551408172,0.240617820759803,0.247935728522765,0.219696234720091,0.205403452225119,0.186138418767998,0.176105439408232
Tcf3 (21g),0.293621315670551,0.282851724116811,0.295543235801409,0.286459109858604,0.269874600068441,0.266826105678914,0.252054513247872,0.245614694719531,0.227821521211436,0.220567990403141,0.205762669063453,0.185596678169183,0.173529675703669
Nr2c1_extended (13g),0.260917451141736,0.268115200232474,0.282850147172789,0.260691319554147,0.256427507536293,0.224220594809436,0.234297805142671,0.233651217398745,0.248744663132031,0.186680936050453,0.196338466473332,0.180080706175559,0.182096170969361
Nrf1_extended (170g),0.312977807495581,0.302153692627054,0.295331720187158,0.287255646524543,0.273711919404739,0.257332341785611,0.256584900568757,0.243661309805631,0.248646318669419,0.218215607604451,0.207270910871183,0.184717884052996,0.176857926694024
Rarg_extended (19g),0.287062093451464,0.279673803079419,0.243480893080744,0.248901929481962,0.22277725270046,0.237234801033056,0.280353943760401,0.240054474805313,0.309143751083383,0.206050713969429,0.201017832644645,0.187402723598785,0.175814441009355
Usf1_extended (135g),0.306650545985751,0.299086275415716,0.299224576503826,0.291681811529641,0.285585335793854,0.260167422317198,0.251600305148365,0.244677798421656,0.236817205441421,0.220432047943928,0.208477549292961,0.18722880905973,0.175431617946292
Rela (97g),0.313535963435778,0.303320633388426,0.299504455426965,0.287099440851638,0.280860928863547,0.255791631374443,0.253605806748154,0.242767135672814,0.240288534313918,0.218687551750533,0.207234999623009,0.188971663402543,0.175788702514982
Max_extended (2175g),0.313974792189374,0.298442925088451,0.298670155997614,0.288690551639448,0.283806550094796,0.255803627595818,0.253298519262777,0.245889938549519,0.239639068027851,0.220019011116096,0.206925517381786,0.18813014507515,0.175817514672358
Sap30_extended (174g),0.311415279701273,0.296342485478512,0.304078018475152,0.289508984834803,0.283004026061653,0.253796343848094,0.254573993396147,0.247028918225374,0.237824879720292,0.220177890953672,0.206610290910254,0.187941746863992,0.175953233606296
Thrb_extended (58g),0.308611334887231,0.292184893290715,0.30095684764384,0.295022921841417,0.276901172044617,0.252566412654,0.260451281870654,0.252585746737286,0.240343930671781,0.210321833420724,0.204122511233536,0.18523792072656,0.178296779495221
Bptf (14g),0.309226107384733,0.295006653449511,0.324112071607176,0.293655622225424,0.266502376368607,0.240596675786564,0.253411405324433,0.246188175920111,0.235486470749925,0.213598420154949,0.20462899129389,0.187157281819702,0.180092765997712
Zmiz1_extended (46g),0.297475388578114,0.300915420812232,0.30268697352397,0.294115310603601,0.278761955877303,0.257546688437601,0.266992531003456,0.246737448527142,0.231780940085951,0.217926214844021,0.204922084194264,0.187775294443813,0.174526257585952
Etv1_extended (48g),0.286254061197678,0.279892908738624,0.305601539798122,0.299055119197377,0.276049610606596,0.246282618957255,0.296101009646053,0.252578333785022,0.229218861883969,0.208100846075139,0.199277134214787,0.191183537407965,0.174883228668821
Mef2a (12g),0.284141507668867,0.289952584889388,0.318154695855354,0.296738867168889,0.275562040508973,0.244142039624835,0.267116788730101,0.261648228737875,0.238069675303174,0.208203416647467,0.201792246682019,0.184766962878621,0.176646681719087
Elk3_extended (17g),0.251691027912649,0.280947777286079,0.310513593549017,0.304375690961866,0.287266015389985,0.218848590138355,0.252554291726564,0.260190098238421,0.234903472846726,0.19608314671342,0.192198337758966,0.175791147775139,0.177509006714064
Fosl1_extended (12g),0.262283075305181,0.255870522394935,0.25203717516155,0.286924631241074,0.232051773258129,0.20385688529099,0.343457115607927,0.26537019542778,0.218103020255094,0.192030910199157,0.179372448681865,0.182510982199438,0.173309315823906
Runx1_extended (24g),0.310278516794995,0.295469232624739,0.296747462991233,0.284965992779837,0.278461367457075,0.258268901719271,0.266390246370475,0.245267791111094,0.236706360703964,0.218384854451345,0.207237589137701,0.187261505663945,0.177348516724235
Usf2_extended (14g),0.255868139418556,0.263877587093854,0.310773517589204,0.310600677017646,0.281428094436181,0.213519194167637,0.276441639598286,0.240646241268492,0.239041412782226,0.20082218204949,0.192534971100758,0.194028595964966,0.172236653005049
Rfx2_extended (52g),0.279844169025789,0.278142498935425,0.302114738264924,0.297581065226009,0.279367931751597,0.24317376895246,0.258373385172366,0.252665019893133,0.236322717460989,0.215672698808005,0.199796176725939,0.189424419383239,0.177698187379146
Rfx2 (37g),0.278499767695504,0.277766669426236,0.304973276957413,0.305762845531983,0.273880062368025,0.24203968151129,0.253725587041611,0.24604460991046,0.229805656286944,0.206902547282093,0.200731456377881,0.187268779835936,0.180594004294878
Tcf12_extended (17g),0.247897517971512,0.281509223876896,0.294560569571488,0.296816451232985,0.275546084951492,0.236685323257009,0.262340813035063,0.264881173445951,0.219221087460418,0.182946247060793,0.188271081750195,0.180579941011773,0.171846228377706
Ets1_extended (10g),0.263754906960413,0.271596784764503,0.262235640035673,0.2972616450746,0.267248588969882,0.262342976167922,0.226762984795228,0.267776560869872,0.208281814748916,0.189896828422335,0.221104319803909,0.182731723933235,0.174506597321773
Ar_extended (19g),0.310970813822307,0.25543639910185,0.249138517916581,0.260847863352718,0.27174021059267,0.252410390369748,0.221569123178777,0.211136293364804,0.218041920475773,0.182632151926454,0.240031917610763,0.188467662640372,0.207011616349837
Foxj1_extended (17g),0.260590751257031,0.283220274121431,0.244350184554062,0.304102254595734,0.275912051933323,0.235067433898495,0.257983710338934,0.231122821251452,0.229139568383041,0.197583567599591,0.191272958973873,0.172985756071664,0.183841981955314
Brf2_extended (10g),0.256739997554202,0.255200847899662,0.250718839412991,0.257914826046327,0.22887618611204,0.196301361781621,0.198548600652975,0.231572017855455,0.18516964538675,0.185070397787736,0.208280808471499,0.181314019368566,0.173032051107507
Nr2f6_extended (15g),0.269403191767116,0.274365910620087,0.297823933331636,0.308481234185339,0.279029850583336,0.239839139904615,0.248945016471225,0.240425714110924,0.214557436659682,0.188871614820367,0.207728407246141,0.180043820341191,0.178778668184716
Xrcc4_extended (335g),0.306496690616987,0.29449050524748,0.300849127812566,0.293167919609438,0.28995164177219,0.256130847881985,0.253216769056021,0.248154489118872,0.23618559810191,0.216194019475599,0.205978750649499,0.189584122613173,0.176742648763858
Zfp148_extended (41g),0.306585041077406,0.289881501285154,0.307113033796728,0.294780919841846,0.287429918007943,0.259426598589567,0.249703597901523,0.254064350606502,0.22612648680498,0.213523041874528,0.204165893881004,0.186259060498561,0.176860007791911
