"p_val"	"avg_diff"	"pct.1"	"pct.2"
"Ftl1"	0	1.08042308205283	0.95	0.71
"Ccl7"	1.06288684870517e-44	1.04490376603537	0.164	0.057
"Ubb"	7.16279551183213e-153	0.986925373023556	0.54	0.278
"Lyz2"	1.61297028350551e-198	0.874753024619499	0.802	0.546
"Cd81"	4.32478963157911e-79	0.79005361640224	0.343	0.164
"Eif1"	1.81220324414218e-116	0.704251860817915	0.567	0.327
"Prdx1"	2.0048873998389e-51	0.667125407471476	0.302	0.155
"Rpl18a"	2.71480507761838e-57	0.653406184555507	0.287	0.132
"Rps19"	2.31155493438251e-81	0.62992866303122	0.522	0.322
"Pf4"	5.22759081345846e-46	0.627749189921482	0.365	0.215
"Ifitm2"	6.27207537712703e-44	0.618994751844737	0.235	0.109
"Atox1"	2.66518200448191e-57	0.618811776345687	0.379	0.222
"Rps18"	1.1317731679453e-52	0.58473463195228	0.356	0.2
"Cd9"	3.94857789438578e-35	0.574914519184013	0.224	0.117
"Pfn1"	7.37037099076995e-59	0.573074441840996	0.443	0.27
"Ecm1"	1.05550101474324e-35	0.572637085950947	0.246	0.131
"Atp5j"	4.39507977467657e-34	0.57038705244589	0.138	0.054
"Lyz1"	9.67689084689426e-52	0.562597946094438	0.225	0.093
"Cd74"	1.51559568818898e-272	0.546536686714417	0.995	0.979
"Fcer1g"	5.58533506335114e-53	0.534019541831678	0.448	0.282
"Il1r2"	1.69472700633847e-35	0.531518604509756	0.408	0.286
"Rpl37rt"	6.41491535690554e-36	0.531389245057167	0.18	0.089
"Usmg5"	1.28850168177934e-29	0.530620494702981	0.216	0.115
"Ninj1"	6.2024050950714e-39	0.521164430423011	0.297	0.173
"H2-T23"	1.16680793589944e-28	0.516116596406849	0.155	0.074
"Uqcr11"	8.66062735557833e-28	0.514052658741305	0.157	0.081
"H2-D1"	1.92665034123703e-76	0.508107783915094	0.655	0.475
"Prdx5"	2.06261501653763e-26	0.494805006324939	0.201	0.116
"C1qb"	1.59367089866309e-91	0.493483471432008	0.769	0.595
"Psme2"	1.03842542709038e-22	0.475054368532682	0.147	0.08
"H3f3b"	4.31773246518201e-57	0.462786966950238	0.637	0.489
"Rps16"	5.71179208425564e-20	0.462626469784137	0.109	0.054
"Cd63"	2.21259044115891e-40	0.44020464031297	0.543	0.405
"Odc1"	4.31652901804856e-19	0.438171639265748	0.124	0.064
"Atp6v1f"	1.01174848893778e-21	0.435866190128798	0.189	0.116
"Cox8a"	9.86624032931001e-21	0.43427851244083	0.152	0.084
"Sh3bgrl3"	9.81852014263869e-31	0.43383772507559	0.298	0.193
"Rpl41"	1.29526336346335e-45	0.432240237813748	0.557	0.416
"Tyrobp"	4.67282383959231e-47	0.426662203607846	0.562	0.428
"Cox6a1"	2.47129906902693e-27	0.424285700230571	0.322	0.218
"Mir692-1"	6.04215406747821e-46	0.423567827280928	0.451	0.298
"Rpl35"	1.25872539938672e-26	0.42249362049495	0.303	0.193
"Tceb2"	4.84436020423851e-21	0.420271749781206	0.165	0.092
"Spcs2"	6.03199442045099e-19	0.419647167437428	0.213	0.143
"Tma7"	4.38952320717416e-17	0.417706165648028	0.13	0.075
"C5ar1"	6.69115764899879e-21	0.414003096609511	0.218	0.139
"Lgals1"	5.96098550700648e-20	0.408989298079329	0.186	0.109
"H2-DMa"	2.06816475875025e-24	0.401186117096416	0.349	0.251
"Selk"	2.18344248165933e-20	0.399562726315148	0.271	0.185
"Atp6v0e"	5.08975019497147e-16	0.394973654691457	0.173	0.107
"Psme2b"	1.0249381519251e-15	0.393993502672773	0.132	0.077
"Dnaja1"	2.44166216947122e-30	0.392240957995766	0.573	0.476
"Smdt1"	2.74102257406177e-15	0.391520354355295	0.131	0.076
"Dynll1"	1.25813103236241e-14	0.390913850374165	0.12	0.066
"Lgals3"	5.3135407763285e-38	0.390075247873148	0.594	0.462
"Cd14"	1.04392226139735e-34	0.388717173571051	0.653	0.551
"Ndufa13"	1.23567933216588e-18	0.385894179310935	0.18	0.108
"H2afj"	3.87346448209802e-20	0.384219910403897	0.142	0.078
"Cd36"	2.57592479870961e-12	0.383807452268539	0.15	0.093
"Ndufb8"	9.78044640037044e-17	0.383578457164672	0.126	0.066
"Atpif1"	1.57618536051198e-19	0.382229516906717	0.274	0.193
"C1qc"	3.13682081527739e-45	0.382175396989211	0.675	0.534
"Ndufa7"	3.69885137278779e-15	0.381411186141351	0.119	0.065
"Gbp2b"	7.85416600575024e-14	0.381147878404264	0.102	0.05
"1810037I17Rik"	1.17383238369394e-14	0.379761918857415	0.132	0.081
"Uqcr10"	7.86205908002083e-19	0.377673927908805	0.151	0.088
"Aprt"	1.57336710304324e-11	0.373768702385381	0.115	0.069
"Ndufa1"	5.15345614295623e-14	0.371612061364685	0.149	0.09
"Cstb"	8.13972281243498e-29	0.368270800997784	0.379	0.269
"Rpl29"	7.61417544225167e-16	0.36379667893808	0.113	0.062
"Cox5a"	1.88165775187492e-17	0.363788482788081	0.186	0.13
"Uba52"	8.8319834209996e-15	0.363446655555105	0.137	0.083
"Psap"	5.02484671597853e-67	0.3614620951884	0.833	0.732
"Atp5o"	2.48180606855285e-11	0.357493527883813	0.122	0.074
"Cd68"	1.10934510027591e-15	0.357139039927598	0.216	0.141
"Gpx1"	3.1751860539049e-21	0.353101708511564	0.4	0.3
"Ccdc23"	2.32681559366484e-12	0.352602010591632	0.119	0.07
"Sub1"	1.95062038855374e-29	0.352042424249498	0.511	0.396
"Tmem256"	1.7379838898988e-12	0.347687185947622	0.141	0.084
"Ndufa4"	7.52725351824035e-14	0.345134682143737	0.139	0.084
"Eif4a1"	1.58139074360258e-18	0.344393034936337	0.267	0.187
"Bcl2a1d"	4.48138215864523e-12	0.344083393019223	0.11	0.064
"Tmem258"	6.20938226154877e-11	0.343968987337995	0.101	0.058
"Rplp0"	2.61597617258793e-24	0.339723632453758	0.443	0.331
"Rpl36"	1.24482545962595e-15	0.339499298921605	0.155	0.099
"Slc25a5"	2.74267744478214e-15	0.338113051619254	0.18	0.129
"Rps9"	1.67008843333303e-38	0.335951005971836	0.672	0.547
"Ndufc1"	1.86890588693462e-13	0.335891499175347	0.136	0.086
"Gsn"	1.32474606405099e-12	0.334130355557246	0.137	0.084
"Hint1"	5.9737394839946e-13	0.327123532555876	0.174	0.114
"Hilpda"	3.39204317282731e-12	0.326260214233316	0.102	0.059
"Crip1"	1.1779113642587e-47	0.325778565082076	0.498	0.326
"Wfdc17"	2.13559221672275e-06	0.324362430173063	0.18	0.146
"Plaur"	1.5501670248518e-13	0.323069816988669	0.268	0.204
"Rps5"	3.32029238203007e-20	0.320322121545655	0.425	0.326
"Ctsc"	7.50594471087468e-20	0.31665423577186	0.407	0.31
"Uqcrq"	2.11552833669527e-12	0.315910814507584	0.187	0.13
"H2-Aa"	1.378290393027e-80	0.31262070172687	0.968	0.915
"Blvrb"	2.22592983009389e-12	0.312332410958226	0.119	0.077
"Myl6"	1.78868648059489e-12	0.311284014150199	0.158	0.105
"Psmb1"	1.18531534999419e-09	0.310096180507311	0.149	0.106
"Ly6e"	3.8623437151721e-11	0.306711329622266	0.25	0.181
"Pfdn5"	6.98027104862502e-13	0.303839204513566	0.261	0.194
"Timm13"	1.37754849348779e-07	0.303502592975092	0.107	0.071
"Malat1"	7.13647380936892e-94	0.303446389623577	0.999	0.999
"Ms4a7"	1.89805757633554e-23	0.301951968975171	0.58	0.462
"Myl12a"	5.93025525600171e-12	0.301367289717682	0.182	0.128
"Ndufb7"	1.16358977305868e-09	0.300326287271162	0.136	0.089
"1110007C09Rik"	3.47988331762579e-08	0.297083321473588	0.141	0.099
"Eef1g"	1.05989660918359e-08	0.29583581469369	0.162	0.118
"Lmna"	3.72351859715246e-11	0.295163178060673	0.336	0.273
"Gdf15"	2.20314399448877e-06	0.294816143019551	0.136	0.096
"Serf2"	4.47607227024883e-13	0.294543495473662	0.243	0.18
"Cyba"	4.29935349424776e-23	0.294491465942525	0.496	0.401
"H2-Ab1"	2.84220664429285e-88	0.293118464877096	0.98	0.943
"Mrpl33"	1.35943457509755e-11	0.292927166455684	0.111	0.072
"Eif5a"	2.8946599208704e-10	0.292693123936376	0.175	0.123
"Tmsb10"	3.30860088803202e-08	0.290441255735422	0.148	0.102
"Vamp8"	1.32736692810111e-11	0.290337452448344	0.233	0.182
"Minos1"	1.7419619243995e-10	0.290012882744734	0.217	0.162
"Rpl37a"	9.87023559141095e-20	0.289239292170135	0.429	0.337
"Rabac1"	6.96725259096211e-09	0.286785076174957	0.113	0.071
"Emp1"	3.59551008086366e-14	0.286411271036197	0.167	0.104
"D8Ertd738e"	6.80858320595979e-13	0.285896241759547	0.207	0.15
"Rnh1"	3.56725465755096e-09	0.285685567372215	0.186	0.14
"Tomm6"	4.66427957326839e-08	0.285096157056701	0.166	0.124
"Atp5k"	1.61266944906906e-09	0.281158873414083	0.15	0.106
"Sepw1"	1.58945537925984e-13	0.280786466303448	0.115	0.069
"Tmed10"	1.35000511270853e-09	0.279580231834588	0.196	0.139
"H2-Eb1"	3.73195459984038e-71	0.278042190703032	0.97	0.935
"Bcl2a1b"	1.18134608894426e-13	0.277977819209056	0.284	0.209
"Rpl18"	1.91925077856423e-12	0.277911405857711	0.227	0.174
"Tbcb"	6.10597420790538e-11	0.277798607490905	0.154	0.104
"Rps11"	2.99085407099043e-14	0.274634185130939	0.353	0.274
"Tubb6"	1.08370498761482e-08	0.274375000783416	0.122	0.085
"Sarnp"	2.45946594702682e-11	0.27406250905723	0.158	0.111
"Bri3"	1.51134914050563e-10	0.272321596079979	0.105	0.064
"Atp6v0b"	3.80963525286976e-13	0.271057011502949	0.309	0.236
"Ly86"	5.37295196660177e-12	0.270267576742795	0.24	0.175
"Calm1"	1.52681854021412e-33	0.270114924809525	0.893	0.836
"Scp2"	1.28544076960615e-10	0.269848820684511	0.106	0.064
"Clec4n"	4.5295462847209e-08	0.269116802130335	0.242	0.19
"Aldoa"	9.38111759003992e-08	0.265255840279943	0.115	0.076
"Gadd45g"	5.91646063082953e-07	0.264430454488383	0.106	0.07
"Clec4d"	2.23719936052636e-10	0.263318453171469	0.107	0.064
"Junb"	2.41197343671108e-13	0.262906869723952	0.46	0.387
"Socs3"	5.37252332137518e-09	0.261844681496007	0.149	0.107
"Cxcl2"	4.00500496086574e-07	0.259165972960651	0.309	0.247
"Atp6v1g1"	2.62613766428754e-08	0.256224657005314	0.169	0.124
"Tuba1b"	1.46967077951067e-06	0.255064754062108	0.109	0.075
"Naca"	6.43448270765793e-08	0.252511950959434	0.145	0.111
"Fnbp1"	4.73699929222818e-10	-0.252076033909808	0.124	0.17
"Rnf149"	1.17320628570509e-17	-0.253112568072587	0.508	0.6
"Hspa9"	6.93503227300319e-09	-0.253144945326853	0.187	0.244
"Os9"	1.84248979546471e-09	-0.253414378364571	0.143	0.203
"Tgfbr1"	1.58846521134709e-08	-0.254628098800096	0.165	0.211
"Ssfa2"	1.00830025687864e-12	-0.25490334292771	0.108	0.169
"Cyth1"	1.86521535586528e-10	-0.254987079881803	0.228	0.291
"Rbm25"	1.87599276021684e-20	-0.255370039588168	0.594	0.679
"Calr"	2.98289004314425e-27	-0.25639493458146	0.639	0.719
"Aamp"	4.09238926878009e-09	-0.257259207435564	0.11	0.158
"Zfand2a"	5.45555602344635e-08	-0.258066893036898	0.071	0.114
"Phf3"	3.59644138262944e-09	-0.25824992586067	0.135	0.193
"Rbm39"	1.44509175039846e-17	-0.258477596859457	0.425	0.53
"Itpr2"	1.41870947274571e-08	-0.258541630686092	0.074	0.114
"Slc29a3"	7.08388032160863e-07	-0.25879631704989	0.069	0.106
"Ash1l"	1.85437962837264e-11	-0.259050698137739	0.116	0.17
"Rab7b"	1.11178008163753e-13	-0.259175688743634	0.356	0.416
"Zfc3h1"	1.98946248754569e-07	-0.25944608630793	0.072	0.112
"Aplp2"	2.18941405900708e-09	-0.259584513357034	0.127	0.178
"Slfn5"	5.84578304816663e-07	-0.260128756402369	0.09	0.131
"Hmha1"	1.40676093869458e-09	-0.260892205429607	0.077	0.12
"Myo5a"	2.06905580483289e-08	-0.261223443931235	0.192	0.253
"Ssrp1"	3.39150254696682e-08	-0.261391237366652	0.079	0.123
"Sart1"	3.99507330018907e-11	-0.26176385787412	0.064	0.11
"Eif4b"	3.63991172085943e-11	-0.261967881037918	0.092	0.134
"Tanc2"	1.05189963742068e-06	-0.262145559253749	0.093	0.132
"Rbm5"	1.69089768997305e-09	-0.262549229582272	0.135	0.192
"Pmaip1"	1.50676472867585e-07	-0.262648239602496	0.084	0.12
"Srsf11"	9.66923003822693e-13	-0.262662077152009	0.227	0.307
"Smarca4"	1.6704460145468e-08	-0.264716158331412	0.109	0.157
"Crebrf"	8.78423171386936e-09	-0.266223172810433	0.066	0.102
"Dennd4a"	8.68885136296297e-10	-0.266342671240947	0.15	0.21
"Pum2"	4.48524615884143e-09	-0.266378431282422	0.115	0.164
"Rin2"	1.20740328903132e-07	-0.266916715587402	0.086	0.127
"Aftph"	2.6758639642356e-08	-0.268586539154721	0.073	0.108
"U2surp"	2.3165642014479e-11	-0.268812385112071	0.195	0.269
"Lrrfip2"	1.58934786778546e-08	-0.269539921192385	0.094	0.139
"Spty2d1"	1.94159240636022e-10	-0.270681159883561	0.155	0.207
"Zfp106"	1.04350164002932e-10	-0.271016978534355	0.17	0.23
"Hectd1"	2.35624074842684e-10	-0.271514947737545	0.075	0.119
"Abcf1"	3.0017100971434e-11	-0.272152780493041	0.244	0.318
"Supt5"	2.06371256706689e-11	-0.272176536026117	0.143	0.196
"St13"	3.07983947514096e-15	-0.272682675062301	0.199	0.267
"Fam50a"	2.50456312930217e-10	-0.272832101625018	0.148	0.212
"Aff4"	3.60803486154185e-08	-0.272947634837884	0.137	0.187
"Clk1"	3.90796268391129e-10	-0.27303338738729	0.088	0.141
"Krcc1"	1.0757813880795e-09	-0.273445705015799	0.069	0.104
"Nktr"	8.78258250500923e-16	-0.274534952268824	0.344	0.43
"Epb4.1"	8.16924233354744e-09	-0.275852998964151	0.143	0.198
"Runx3"	6.9759315107152e-18	-0.276122247243824	0.415	0.5
"Ssb"	2.93154504349691e-15	-0.276588237023496	0.247	0.318
"Apbb1ip"	2.31407473183171e-10	-0.278154369398734	0.09	0.14
"Zmynd11"	3.3157358660262e-07	-0.278474934522716	0.068	0.104
"Oxct1"	1.86035891023926e-12	-0.278782661052089	0.088	0.137
"Cfdp1"	3.51590741555863e-10	-0.279294560516285	0.074	0.121
"Prdm1"	5.73372745322956e-08	-0.279497387689291	0.123	0.167
"Metap2"	1.71474042094123e-13	-0.281093881656316	0.19	0.261
"Zmat2"	5.41039128325486e-09	-0.281320864946116	0.104	0.152
"Flrt3"	7.17921408280915e-05	-0.28152950873736	0.087	0.116
"Inpp5d"	1.14200476853396e-12	-0.282354924059328	0.113	0.164
"Rabep1"	1.0216310272277e-08	-0.282503122206147	0.119	0.172
"Plekhm2"	2.82783548775166e-09	-0.28258612344664	0.08	0.119
"Supt16"	1.44669900287554e-10	-0.282717923486814	0.099	0.154
"Srek1"	1.99452558439529e-12	-0.283070214727979	0.115	0.169
"Plekho2"	1.40985613231728e-11	-0.283264543358412	0.105	0.153
"Ccar1"	3.26404544357157e-09	-0.283872593182829	0.17	0.231
"Jak1"	4.99712038913453e-14	-0.284226861256937	0.215	0.294
"Eif4g3"	2.83116794970193e-08	-0.286465792585968	0.128	0.179
"Gns"	2.05977922815589e-11	-0.287147934298895	0.162	0.222
"Zc3h13"	2.23045849532503e-11	-0.288416748581194	0.212	0.286
"Pnisr"	3.17662646041332e-11	-0.288452318485954	0.171	0.234
"Nolc1"	1.61222514123717e-09	-0.288933080893531	0.136	0.186
"Vcam1"	2.01125048921657e-07	-0.289671919113173	0.187	0.23
"Taf1d"	4.06326848647627e-08	-0.289720476605104	0.099	0.143
"Snrnp70"	6.18366088165605e-17	-0.291506608332125	0.321	0.418
"Rgs2"	4.65423358404387e-11	-0.29222354535822	0.22	0.292
"Nipbl"	6.07015465561045e-16	-0.292452028031097	0.271	0.359
"Adam17"	3.19744120784689e-11	-0.293042737684662	0.13	0.181
"Hnrnpa2b1"	2.06264918713513e-17	-0.293945104405947	0.341	0.41
"Cebpz"	1.21879508816474e-10	-0.294166214104818	0.144	0.201
"Matr3"	2.13741479391724e-13	-0.296342877435463	0.17	0.237
"Prpf40a"	1.61423280730509e-12	-0.296715863400163	0.23	0.307
"Tnfaip2"	7.23424119721569e-19	-0.296906934525738	0.428	0.491
"Ddx21"	3.4685109271378e-13	-0.298986474640009	0.246	0.327
"Hsp90ab1"	1.48526081622624e-48	-0.299139883822701	0.901	0.935
"Ik"	1.6441537017526e-16	-0.300552069326254	0.316	0.41
"Gtpbp4"	1.75096574368916e-12	-0.300993150172979	0.121	0.186
"Clip1"	1.05245917527683e-10	-0.301182994443184	0.101	0.155
"Iqgap1"	2.85532652528841e-23	-0.301350853193969	0.457	0.564
"Ap3d1"	1.22098597442934e-13	-0.302594681513142	0.141	0.213
"Tceb3"	1.46710531318088e-10	-0.302749104328446	0.076	0.124
"Luc7l3"	1.57012335623368e-16	-0.303947724368117	0.192	0.279
"Eif5b"	1.08159049646259e-21	-0.304483765800845	0.449	0.553
"Anp32a"	7.82468525208048e-14	-0.304899553378465	0.202	0.279
"Smc3"	1.43189240645812e-11	-0.304919735072483	0.089	0.146
"Zmiz1"	6.58138135566511e-09	-0.305329506499683	0.085	0.128
"Supt6"	3.38272860178606e-11	-0.305811215249321	0.07	0.115
"Ggnbp2"	1.58139607757269e-12	-0.305920608811463	0.126	0.188
"Casp8ap2"	1.61961729669462e-09	-0.307703014962538	0.074	0.12
"Ezr"	1.09886929604428e-11	-0.309024000894478	0.127	0.188
"H2-M2"	5.92279428190958e-07	-0.309950939218784	0.13	0.174
"Hspa1b"	1.37343429311255e-10	-0.311040520066345	0.298	0.33
"Pik3r5"	8.8150894142076e-12	-0.312405061516183	0.094	0.15
"Mt2"	1.92628157661063e-07	-0.312470851917292	0.093	0.126
"Cast"	2.2780718376743e-12	-0.313048369177495	0.088	0.147
"Rsf1"	3.25228849865811e-12	-0.314978301586512	0.067	0.118
"Usp8"	9.02264439809361e-12	-0.31508696353636	0.079	0.133
"Msn"	1.49587111217601e-14	-0.315108261458577	0.175	0.255
"Mpeg1"	3.59207833672469e-34	-0.316512749094072	0.545	0.611
"Brd4"	3.19557008663224e-12	-0.319687812149314	0.13	0.195
"Ubxn1"	4.0189941689407e-14	-0.319991028041464	0.14	0.209
"Bptf"	7.73119469513683e-14	-0.322290772721431	0.15	0.226
"Iqgap2"	1.40001096410718e-09	-0.322913571852111	0.08	0.126
"Taok3"	4.76421939556718e-14	-0.323544722047734	0.167	0.234
"Tln1"	2.97969784299585e-15	-0.323778719507711	0.227	0.31
"Rps25"	1.17745390891319e-15	-0.324761074398133	0.168	0.25
"Rsrc2"	2.72624633134554e-14	-0.325582071751118	0.206	0.283
"Trip12"	1.16950897571968e-13	-0.327218507494799	0.075	0.13
"Zc3h11a"	1.64004111015569e-14	-0.327800968892231	0.203	0.28
"Golgb1"	2.8932074494519e-14	-0.330097281006761	0.186	0.267
"Lrrfip1"	4.41051613893159e-22	-0.330584121503807	0.359	0.468
"Xist"	7.57509217926177e-19	-0.332608642349743	0.308	0.407
"Ddx23"	6.56021654701532e-10	-0.336358739659015	0.062	0.104
"Atp2b1"	3.50661243367307e-41	-0.33663364674518	0.651	0.768
"Dek"	1.53219261724581e-18	-0.337240705155593	0.235	0.334
"Mndal"	1.11379213194326e-11	-0.338068492707187	0.155	0.214
"Chd7"	4.87342108823474e-17	-0.340698945740037	0.143	0.225
"Gda"	1.2990995961601e-11	-0.343122584329173	0.158	0.194
"Wsb1"	5.90242309145943e-15	-0.343344840503781	0.138	0.206
"Safb2"	2.12299671456637e-17	-0.345215175329001	0.191	0.275
"Retnla"	8.8749648648883e-05	-0.345380883363219	0.101	0.121
"Cybb"	1.33619335548092e-31	-0.346935181309895	0.484	0.586
"Baz1a"	5.02875721306746e-19	-0.34742865092915	0.212	0.306
"Purb"	6.95362906384971e-16	-0.34861247118818	0.19	0.274
"Kat6a"	4.27603644817593e-14	-0.349253928311872	0.076	0.135
"Dnmt3a"	6.4957661228333e-12	-0.352571233593904	0.135	0.197
"Mir703"	3.11924002663592e-19	-0.35591633290035	0.153	0.234
"Macf1"	3.39193042681692e-16	-0.356875866758954	0.175	0.256
"Dync1h1"	1.37473981194634e-12	-0.360151834479915	0.076	0.128
"Nmt1"	2.68415500030152e-20	-0.360168767166423	0.211	0.292
"Rsrp1"	1.15775347964704e-17	-0.360492380799811	0.158	0.243
"Cep170"	2.32063716131445e-12	-0.363479900880457	0.059	0.104
"Atrx"	1.17554629781881e-25	-0.36539411051115	0.35	0.47
"Trim30a"	1.02446635098027e-12	-0.367050775820815	0.087	0.14
"Ccnl1"	2.67711551139472e-26	-0.368300826857032	0.341	0.455
"Dhx9"	2.31587040631981e-15	-0.373157038963221	0.079	0.131
"Kmt2e"	1.71083889185907e-19	-0.37434454756834	0.178	0.272
"Golga4"	1.7425226317877e-19	-0.376735557477115	0.201	0.297
"Elmsan1"	5.98220283892187e-14	-0.38031066572484	0.073	0.128
"Ythdc1"	9.44315774924525e-27	-0.383267799879578	0.327	0.433
"Spen"	2.61906652519002e-15	-0.383840966641992	0.053	0.105
"Plekho1"	4.22164545317468e-16	-0.384094895364702	0.109	0.182
"Baz1b"	1.74216662202993e-16	-0.387071191395482	0.14	0.216
"Ubn1"	1.51213653747443e-23	-0.395004316609807	0.219	0.322
"Ccpg1"	6.62926131774351e-17	-0.396716197878435	0.062	0.119
"Prpf38b"	1.40515314649094e-28	-0.398390952700788	0.321	0.436
"Brd7"	2.30619662757652e-16	-0.399284109980666	0.077	0.141
"Ptms"	5.83348829546929e-26	-0.400355412588665	0.277	0.378
"Acin1"	8.76136839091178e-28	-0.402267583240173	0.279	0.399
"Chd4"	3.21091023960995e-26	-0.403061426322955	0.231	0.35
"Neat1"	1.45458209757574e-19	-0.406158107521274	0.176	0.261
"Ankrd11"	6.9184024929021e-39	-0.408390924479115	0.423	0.566
"Nfe2l2"	1.19887750369904e-47	-0.408876922653722	0.522	0.644
"Itsn2"	1.38773084164668e-19	-0.410725287755153	0.143	0.227
"Arhgap30"	7.72242344947115e-21	-0.41438572152548	0.14	0.231
"Fam21"	2.5751461242944e-17	-0.417670196745113	0.093	0.163
"Slc15a3"	1.36748603561836e-46	-0.420814862347736	0.51	0.619
"Nr4a3"	5.11679599072533e-21	-0.428287694396185	0.203	0.283
"Sf3b2"	7.91402981164007e-25	-0.433986191056867	0.188	0.29
"Naa15"	1.63937961962736e-26	-0.435295012848214	0.143	0.248
"Hnrnpu"	4.6967226120324e-44	-0.439469546852769	0.398	0.547
"Ncl"	8.42625391769612e-86	-0.446173565662439	0.694	0.824
"Prrc2c"	1.01214546427011e-43	-0.447343019128028	0.376	0.533
"Map7d1"	1.26999084506512e-25	-0.448416981280922	0.124	0.218
"Fyb"	1.6581831561264e-49	-0.449862678189471	0.475	0.601
"Paf1"	1.09481576968658e-24	-0.451746697749792	0.122	0.215
"Smc1a"	1.11070003027762e-25	-0.452808350669322	0.155	0.261
"Rrbp1"	2.49962739121201e-63	-0.453974465430344	0.538	0.694
"Rpl3"	1.44468856847601e-36	-0.454494190337656	0.29	0.412
"Eif3a"	5.06620461789472e-75	-0.456238139945624	0.623	0.769
"Smarca2"	1.0186156529055e-20	-0.457835987633697	0.09	0.168
"Hnrnpul2"	2.11583528497898e-27	-0.462696106119345	0.134	0.237
"Rps24"	3.14255889568394e-67	-0.485797244291558	0.492	0.641
"Anp32b"	1.52142385157925e-37	-0.510638996015016	0.232	0.366
"Arid4a"	1.73507619969275e-29	-0.512293986386601	0.141	0.251
"Ahnak"	2.06585463739126e-40	-0.52538287871976	0.335	0.414
"Dst"	7.38351506852579e-24	-0.532845551368371	0.098	0.18
"Chd2"	1.84236803611209e-39	-0.534369366986592	0.212	0.35
"Chd3"	4.75111233888148e-32	-0.55049159186455	0.113	0.218
"Myh9"	6.43640367842246e-43	-0.578736170377504	0.19	0.329
"Mir6236"	1.0246451465921e-77	-1.09233817483651	0.015	0.123
"Rn45s"	0	-1.35209836335424	0.824	0.962
"Mb21d1"	8.993086639388e-318	-1.8585693628969	0.021	0.353
